0	1	
0.00020004	0.9998	
0.00040008	0.9996	
0.00060012	0.9994	
0.00080016	0.9992	
0.0010002	0.999	
0.00120024	0.9988	
0.00140028	0.9986	
0.00160032	0.9984	
0.00180036	0.9982	
0.0020004	0.998	
0.00220044	0.9978	
0.00240048	0.9976	
0.00260052	0.997399	
0.00280056	0.997199	
0.0030006	0.996999	
0.00320064	0.996799	
0.00340068	0.996599	
0.00360072	0.996399	
0.00380076	0.996199	
0.0040008	0.995999	
0.00420084	0.995799	
0.00440088	0.995599	
0.00460092	0.995399	
0.00480096	0.995199	
0.005001	0.994999	
0.00520104	0.994799	
0.00540108	0.994599	
0.00560112	0.994399	
0.00580116	0.994199	
0.0060012	0.993999	
0.00620124	0.993799	
0.00640128	0.993599	
0.00660132	0.993399	
0.00680136	0.993199	
0.0070014	0.992999	
0.00720144	0.992799	
0.00740148	0.992599	
0.00760152	0.992398	
0.00780156	0.992198	
0.0080016	0.991998	
0.00820164	0.991798	
0.00840168	0.991598	
0.00860172	0.991398	
0.00880176	0.991198	
0.0090018	0.990998	
0.00920184	0.990798	
0.00940188	0.990598	
0.00960192	0.990398	
0.00980196	0.990198	
0.010002	0.989998	
0.010202	0.989798	
0.0104021	0.989598	
0.0106021	0.989398	
0.0108022	0.989198	
0.0110022	0.988998	
0.0112022	0.988798	
0.0114023	0.988598	
0.0116023	0.988398	
0.0118024	0.988198	
0.0120024	0.987998	
0.0122024	0.987798	
0.0124025	0.987598	
0.0126025	0.987397	
0.0128026	0.987197	
0.0130026	0.986997	
0.0132026	0.986797	
0.0134027	0.986597	
0.0136027	0.986397	
0.0138028	0.986197	
0.0140028	0.985997	
0.0142028	0.985797	
0.0144029	0.985597	
0.0146029	0.985397	
0.014803	0.985197	
0.015003	0.984997	
0.015203	0.984797	
0.0154031	0.984597	
0.0156031	0.984397	
0.0158032	0.984197	
0.0160032	0.983997	
0.0162032	0.983797	
0.0164033	0.983597	
0.0166033	0.983397	
0.0168034	0.983197	
0.0170034	0.982997	
0.0172034	0.982797	
0.0174035	0.982597	
0.0176035	0.982396	
0.0178036	0.982196	
0.0180036	0.981996	
0.0182036	0.981796	
0.0184037	0.981596	
0.0186037	0.981396	
0.0188038	0.981196	
0.0190038	0.980996	
0.0192038	0.980796	
0.0194039	0.980596	
0.0196039	0.980396	
0.019804	0.980196	
0.020004	0.979996	
0.020204	0.979796	
0.0204041	0.979596	
0.0206041	0.979396	
0.0208042	0.979196	
0.0210042	0.978996	
0.0212042	0.978796	
0.0214043	0.978596	
0.0216043	0.978396	
0.0218044	0.978196	
0.0220044	0.977996	
0.0222044	0.977796	
0.0224045	0.977596	
0.0226045	0.977395	
0.0228046	0.977195	
0.0230046	0.976995	
0.0232046	0.976795	
0.0234047	0.976595	
0.0236047	0.976395	
0.0238048	0.976195	
0.0240048	0.975995	
0.0242048	0.975795	
0.0244049	0.975595	
0.0246049	0.975395	
0.024805	0.975195	
0.025005	0.974995	
0.025205	0.974795	
0.0254051	0.974595	
0.0256051	0.974395	
0.0258052	0.974195	
0.0260052	0.973995	
0.0262052	0.973795	
0.0264053	0.973595	
0.0266053	0.973395	
0.0268054	0.973195	
0.0270054	0.972995	
0.0272054	0.972795	
0.0274055	0.972595	
0.0276055	0.972394	
0.0278056	0.972194	
0.0280056	0.971994	
0.0282056	0.971794	
0.0284057	0.971594	
0.0286057	0.971394	
0.0288058	0.971194	
0.0290058	0.970994	
0.0292058	0.970794	
0.0294059	0.970594	
0.0296059	0.970394	
0.029806	0.970194	
0.030006	0.969994	
0.030206	0.969794	
0.0304061	0.969594	
0.0306061	0.969394	
0.0308062	0.969194	
0.0310062	0.968994	
0.0312062	0.968794	
0.0314063	0.968594	
0.0316063	0.968394	
0.0318064	0.968194	
0.0320064	0.967994	
0.0322064	0.967794	
0.0324065	0.967594	
0.0326065	0.967393	
0.0328066	0.967193	
0.0330066	0.966993	
0.0332066	0.966793	
0.0334067	0.966593	
0.0336067	0.966393	
0.0338068	0.966193	
0.0340068	0.965993	
0.0342068	0.965793	
0.0344069	0.965593	
0.0346069	0.965393	
0.034807	0.965193	
0.035007	0.964993	
0.035207	0.964793	
0.0354071	0.964593	
0.0356071	0.964393	
0.0358072	0.964193	
0.0360072	0.963993	
0.0362072	0.963793	
0.0364073	0.963593	
0.0366073	0.963393	
0.0368074	0.963193	
0.0370074	0.962993	
0.0372074	0.962793	
0.0374075	0.962593	
0.0376075	0.962392	
0.0378076	0.962192	
0.0380076	0.961992	
0.0382076	0.961792	
0.0384077	0.961592	
0.0386077	0.961392	
0.0388078	0.961192	
0.0390078	0.960992	
0.0392078	0.960792	
0.0394079	0.960592	
0.0396079	0.960392	
0.039808	0.960192	
0.040008	0.959992	
0.040208	0.959792	
0.0404081	0.959592	
0.0406081	0.959392	
0.0408082	0.959192	
0.0410082	0.958992	
0.0412082	0.958792	
0.0414083	0.958592	
0.0416083	0.958392	
0.0418084	0.958192	
0.0420084	0.957992	
0.0422084	0.957792	
0.0424085	0.957592	
0.0426085	0.957391	
0.0428086	0.957191	
0.0430086	0.956991	
0.0432086	0.956791	
0.0434087	0.956591	
0.0436087	0.956391	
0.0438088	0.956191	
0.0440088	0.955991	
0.0442088	0.955791	
0.0444089	0.955591	
0.0446089	0.955391	
0.044809	0.955191	
0.045009	0.954991	
0.045209	0.954791	
0.0454091	0.954591	
0.0456091	0.954391	
0.0458092	0.954191	
0.0460092	0.953991	
0.0462092	0.953791	
0.0464093	0.953591	
0.0466093	0.953391	
0.0468094	0.953191	
0.0470094	0.952991	
0.0472094	0.952791	
0.0474095	0.952591	
0.0476095	0.95239	
0.0478096	0.95219	
0.0480096	0.95199	
0.0482096	0.95179	
0.0484097	0.95159	
0.0486097	0.95139	
0.0488098	0.95119	
0.0490098	0.95099	
0.0492098	0.95079	
0.0494099	0.95059	
0.0496099	0.95039	
0.04981	0.95019	
0.05001	0.94999	
0.05021	0.94979	
0.0504101	0.94959	
0.0506101	0.94939	
0.0508102	0.94919	
0.0510102	0.94899	
0.0512102	0.94879	
0.0514103	0.94859	
0.0516103	0.94839	
0.0518104	0.94819	
0.0520104	0.94799	
0.0522104	0.94779	
0.0524105	0.94759	
0.0526105	0.947389	
0.0528106	0.947189	
0.0530106	0.946989	
0.0532106	0.946789	
0.0534107	0.946589	
0.0536107	0.946389	
0.0538108	0.946189	
0.0540108	0.945989	
0.0542108	0.945789	
0.0544109	0.945589	
0.0546109	0.945389	
0.054811	0.945189	
0.055011	0.944989	
0.055211	0.944789	
0.0554111	0.944589	
0.0556111	0.944389	
0.0558112	0.944189	
0.0560112	0.943989	
0.0562112	0.943789	
0.0564113	0.943589	
0.0566113	0.943389	
0.0568114	0.943189	
0.0570114	0.942989	
0.0572114	0.942789	
0.0574115	0.942589	
0.0576115	0.942388	
0.0578116	0.942188	
0.0580116	0.941988	
0.0582116	0.941788	
0.0584117	0.941588	
0.0586117	0.941388	
0.0588118	0.941188	
0.0590118	0.940988	
0.0592118	0.940788	
0.0594119	0.940588	
0.0596119	0.940388	
0.059812	0.940188	
0.060012	0.939988	
0.060212	0.939788	
0.0604121	0.939588	
0.0606121	0.939388	
0.0608122	0.939188	
0.0610122	0.938988	
0.0612122	0.938788	
0.0614123	0.938588	
0.0616123	0.938388	
0.0618124	0.938188	
0.0620124	0.937988	
0.0622124	0.937788	
0.0624125	0.937588	
0.0626125	0.937387	
0.0628126	0.937187	
0.0630126	0.936987	
0.0632126	0.936787	
0.0634127	0.936587	
0.0636127	0.936387	
0.0638128	0.936187	
0.0640128	0.935987	
0.0642128	0.935787	
0.0644129	0.935587	
0.0646129	0.935387	
0.064813	0.935187	
0.065013	0.934987	
0.065213	0.934787	
0.0654131	0.934587	
0.0656131	0.934387	
0.0658132	0.934187	
0.0660132	0.933987	
0.0662132	0.933787	
0.0664133	0.933587	
0.0666133	0.933387	
0.0668134	0.933187	
0.0670134	0.932987	
0.0672134	0.932787	
0.0674135	0.932587	
0.0676135	0.932386	
0.0678136	0.932186	
0.0680136	0.931986	
0.0682136	0.931786	
0.0684137	0.931586	
0.0686137	0.931386	
0.0688138	0.931186	
0.0690138	0.930986	
0.0692138	0.930786	
0.0694139	0.930586	
0.0696139	0.930386	
0.069814	0.930186	
0.070014	0.929986	
0.070214	0.929786	
0.0704141	0.929586	
0.0706141	0.929386	
0.0708142	0.929186	
0.0710142	0.928986	
0.0712142	0.928786	
0.0714143	0.928586	
0.0716143	0.928386	
0.0718144	0.928186	
0.0720144	0.927986	
0.0722144	0.927786	
0.0724145	0.927586	
0.0726145	0.927385	
0.0728146	0.927185	
0.0730146	0.926985	
0.0732146	0.926785	
0.0734147	0.926585	
0.0736147	0.926385	
0.0738148	0.926185	
0.0740148	0.925985	
0.0742148	0.925785	
0.0744149	0.925585	
0.0746149	0.925385	
0.074815	0.925185	
0.075015	0.924985	
0.075215	0.924785	
0.0754151	0.924585	
0.0756151	0.924385	
0.0758152	0.924185	
0.0760152	0.923985	
0.0762152	0.923785	
0.0764153	0.923585	
0.0766153	0.923385	
0.0768154	0.923185	
0.0770154	0.922985	
0.0772154	0.922785	
0.0774155	0.922585	
0.0776155	0.922384	
0.0778156	0.922184	
0.0780156	0.921984	
0.0782156	0.921784	
0.0784157	0.921584	
0.0786157	0.921384	
0.0788158	0.921184	
0.0790158	0.920984	
0.0792158	0.920784	
0.0794159	0.920584	
0.0796159	0.920384	
0.079816	0.920184	
0.080016	0.919984	
0.080216	0.919784	
0.0804161	0.919584	
0.0806161	0.919384	
0.0808162	0.919184	
0.0810162	0.918984	
0.0812162	0.918784	
0.0814163	0.918584	
0.0816163	0.918384	
0.0818164	0.918184	
0.0820164	0.917984	
0.0822164	0.917784	
0.0824165	0.917584	
0.0826165	0.917383	
0.0828166	0.917183	
0.0830166	0.916983	
0.0832166	0.916783	
0.0834167	0.916583	
0.0836167	0.916383	
0.0838168	0.916183	
0.0840168	0.915983	
0.0842168	0.915783	
0.0844169	0.915583	
0.0846169	0.915383	
0.084817	0.915183	
0.085017	0.914983	
0.085217	0.914783	
0.0854171	0.914583	
0.0856171	0.914383	
0.0858172	0.914183	
0.0860172	0.913983	
0.0862172	0.913783	
0.0864173	0.913583	
0.0866173	0.913383	
0.0868174	0.913183	
0.0870174	0.912983	
0.0872174	0.912783	
0.0874175	0.912583	
0.0876175	0.912382	
0.0878176	0.912182	
0.0880176	0.911982	
0.0882176	0.911782	
0.0884177	0.911582	
0.0886177	0.911382	
0.0888178	0.911182	
0.0890178	0.910982	
0.0892178	0.910782	
0.0894179	0.910582	
0.0896179	0.910382	
0.089818	0.910182	
0.090018	0.909982	
0.090218	0.909782	
0.0904181	0.909582	
0.0906181	0.909382	
0.0908182	0.909182	
0.0910182	0.908982	
0.0912182	0.908782	
0.0914183	0.908582	
0.0916183	0.908382	
0.0918184	0.908182	
0.0920184	0.907982	
0.0922184	0.907782	
0.0924185	0.907582	
0.0926185	0.907381	
0.0928186	0.907181	
0.0930186	0.906981	
0.0932186	0.906781	
0.0934187	0.906581	
0.0936187	0.906381	
0.0938188	0.906181	
0.0940188	0.905981	
0.0942188	0.905781	
0.0944189	0.905581	
0.0946189	0.905381	
0.094819	0.905181	
0.095019	0.904981	
0.095219	0.904781	
0.0954191	0.904581	
0.0956191	0.904381	
0.0958192	0.904181	
0.0960192	0.903981	
0.0962192	0.903781	
0.0964193	0.903581	
0.0966193	0.903381	
0.0968194	0.903181	
0.0970194	0.902981	
0.0972194	0.902781	
0.0974195	0.902581	
0.0976195	0.90238	
0.0978196	0.90218	
0.0980196	0.90198	
0.0982196	0.90178	
0.0984197	0.90158	
0.0986197	0.90138	
0.0988198	0.90118	
0.0990198	0.90098	
0.0992198	0.90078	
0.0994199	0.90058	
0.0996199	0.90038	
0.09982	0.90018	
0.10002	0.89998	
0.10022	0.89978	
0.10042	0.89958	
0.10062	0.89938	
0.10082	0.89918	
0.10102	0.89898	
0.10122	0.89878	
0.10142	0.89858	
0.10162	0.89838	
0.10182	0.89818	
0.10202	0.89798	
0.10222	0.89778	
0.10242	0.89758	
0.102621	0.897379	
0.102821	0.897179	
0.103021	0.896979	
0.103221	0.896779	
0.103421	0.896579	
0.103621	0.896379	
0.103821	0.896179	
0.104021	0.895979	
0.104221	0.895779	
0.104421	0.895579	
0.104621	0.895379	
0.104821	0.895179	
0.105021	0.894979	
0.105221	0.894779	
0.105421	0.894579	
0.105621	0.894379	
0.105821	0.894179	
0.106021	0.893979	
0.106221	0.893779	
0.106421	0.893579	
0.106621	0.893379	
0.106821	0.893179	
0.107021	0.892979	
0.107221	0.892779	
0.107421	0.892579	
0.107622	0.892378	
0.107822	0.892178	
0.108022	0.891978	
0.108222	0.891778	
0.108422	0.891578	
0.108622	0.891378	
0.108822	0.891178	
0.109022	0.890978	
0.109222	0.890778	
0.109422	0.890578	
0.109622	0.890378	
0.109822	0.890178	
0.110022	0.889978	
0.110222	0.889778	
0.110422	0.889578	
0.110622	0.889378	
0.110822	0.889178	
0.111022	0.888978	
0.111222	0.888778	
0.111422	0.888578	
0.111622	0.888378	
0.111822	0.888178	
0.112022	0.887978	
0.112222	0.887778	
0.112422	0.887578	
0.112623	0.887377	
0.112823	0.887177	
0.113023	0.886977	
0.113223	0.886777	
0.113423	0.886577	
0.113623	0.886377	
0.113823	0.886177	
0.114023	0.885977	
0.114223	0.885777	
0.114423	0.885577	
0.114623	0.885377	
0.114823	0.885177	
0.115023	0.884977	
0.115223	0.884777	
0.115423	0.884577	
0.115623	0.884377	
0.115823	0.884177	
0.116023	0.883977	
0.116223	0.883777	
0.116423	0.883577	
0.116623	0.883377	
0.116823	0.883177	
0.117023	0.882977	
0.117223	0.882777	
0.117423	0.882577	
0.117624	0.882376	
0.117824	0.882176	
0.118024	0.881976	
0.118224	0.881776	
0.118424	0.881576	
0.118624	0.881376	
0.118824	0.881176	
0.119024	0.880976	
0.119224	0.880776	
0.119424	0.880576	
0.119624	0.880376	
0.119824	0.880176	
0.120024	0.879976	
0.120224	0.879776	
0.120424	0.879576	
0.120624	0.879376	
0.120824	0.879176	
0.121024	0.878976	
0.121224	0.878776	
0.121424	0.878576	
0.121624	0.878376	
0.121824	0.878176	
0.122024	0.877976	
0.122224	0.877776	
0.122424	0.877576	
0.122625	0.877375	
0.122825	0.877175	
0.123025	0.876975	
0.123225	0.876775	
0.123425	0.876575	
0.123625	0.876375	
0.123825	0.876175	
0.124025	0.875975	
0.124225	0.875775	
0.124425	0.875575	
0.124625	0.875375	
0.124825	0.875175	
0.125025	0.874975	
0.125225	0.874775	
0.125425	0.874575	
0.125625	0.874375	
0.125825	0.874175	
0.126025	0.873975	
0.126225	0.873775	
0.126425	0.873575	
0.126625	0.873375	
0.126825	0.873175	
0.127025	0.872975	
0.127225	0.872775	
0.127425	0.872575	
0.127626	0.872374	
0.127826	0.872174	
0.128026	0.871974	
0.128226	0.871774	
0.128426	0.871574	
0.128626	0.871374	
0.128826	0.871174	
0.129026	0.870974	
0.129226	0.870774	
0.129426	0.870574	
0.129626	0.870374	
0.129826	0.870174	
0.130026	0.869974	
0.130226	0.869774	
0.130426	0.869574	
0.130626	0.869374	
0.130826	0.869174	
0.131026	0.868974	
0.131226	0.868774	
0.131426	0.868574	
0.131626	0.868374	
0.131826	0.868174	
0.132026	0.867974	
0.132226	0.867774	
0.132426	0.867574	
0.132627	0.867373	
0.132827	0.867173	
0.133027	0.866973	
0.133227	0.866773	
0.133427	0.866573	
0.133627	0.866373	
0.133827	0.866173	
0.134027	0.865973	
0.134227	0.865773	
0.134427	0.865573	
0.134627	0.865373	
0.134827	0.865173	
0.135027	0.864973	
0.135227	0.864773	
0.135427	0.864573	
0.135627	0.864373	
0.135827	0.864173	
0.136027	0.863973	
0.136227	0.863773	
0.136427	0.863573	
0.136627	0.863373	
0.136827	0.863173	
0.137027	0.862973	
0.137227	0.862773	
0.137427	0.862573	
0.137628	0.862372	
0.137828	0.862172	
0.138028	0.861972	
0.138228	0.861772	
0.138428	0.861572	
0.138628	0.861372	
0.138828	0.861172	
0.139028	0.860972	
0.139228	0.860772	
0.139428	0.860572	
0.139628	0.860372	
0.139828	0.860172	
0.140028	0.859972	
0.140228	0.859772	
0.140428	0.859572	
0.140628	0.859372	
0.140828	0.859172	
0.141028	0.858972	
0.141228	0.858772	
0.141428	0.858572	
0.141628	0.858372	
0.141828	0.858172	
0.142028	0.857972	
0.142228	0.857772	
0.142428	0.857572	
0.142629	0.857371	
0.142829	0.857171	
0.143029	0.856971	
0.143229	0.856771	
0.143429	0.856571	
0.143629	0.856371	
0.143829	0.856171	
0.144029	0.855971	
0.144229	0.855771	
0.144429	0.855571	
0.144629	0.855371	
0.144829	0.855171	
0.145029	0.854971	
0.145229	0.854771	
0.145429	0.854571	
0.145629	0.854371	
0.145829	0.854171	
0.146029	0.853971	
0.146229	0.853771	
0.146429	0.853571	
0.146629	0.853371	
0.146829	0.853171	
0.147029	0.852971	
0.147229	0.852771	
0.147429	0.852571	
0.14763	0.85237	
0.14783	0.85217	
0.14803	0.85197	
0.14823	0.85177	
0.14843	0.85157	
0.14863	0.85137	
0.14883	0.85117	
0.14903	0.85097	
0.14923	0.85077	
0.14943	0.85057	
0.14963	0.85037	
0.14983	0.85017	
0.15003	0.84997	
0.15023	0.84977	
0.15043	0.84957	
0.15063	0.84937	
0.15083	0.84917	
0.15103	0.84897	
0.15123	0.84877	
0.15143	0.84857	
0.15163	0.84837	
0.15183	0.84817	
0.15203	0.84797	
0.15223	0.84777	
0.15243	0.84757	
0.152631	0.847369	
0.152831	0.847169	
0.153031	0.846969	
0.153231	0.846769	
0.153431	0.846569	
0.153631	0.846369	
0.153831	0.846169	
0.154031	0.845969	
0.154231	0.845769	
0.154431	0.845569	
0.154631	0.845369	
0.154831	0.845169	
0.155031	0.844969	
0.155231	0.844769	
0.155431	0.844569	
0.155631	0.844369	
0.155831	0.844169	
0.156031	0.843969	
0.156231	0.843769	
0.156431	0.843569	
0.156631	0.843369	
0.156831	0.843169	
0.157031	0.842969	
0.157231	0.842769	
0.157431	0.842569	
0.157632	0.842368	
0.157832	0.842168	
0.158032	0.841968	
0.158232	0.841768	
0.158432	0.841568	
0.158632	0.841368	
0.158832	0.841168	
0.159032	0.840968	
0.159232	0.840768	
0.159432	0.840568	
0.159632	0.840368	
0.159832	0.840168	
0.160032	0.839968	
0.160232	0.839768	
0.160432	0.839568	
0.160632	0.839368	
0.160832	0.839168	
0.161032	0.838968	
0.161232	0.838768	
0.161432	0.838568	
0.161632	0.838368	
0.161832	0.838168	
0.162032	0.837968	
0.162232	0.837768	
0.162432	0.837568	
0.162633	0.837367	
0.162833	0.837167	
0.163033	0.836967	
0.163233	0.836767	
0.163433	0.836567	
0.163633	0.836367	
0.163833	0.836167	
0.164033	0.835967	
0.164233	0.835767	
0.164433	0.835567	
0.164633	0.835367	
0.164833	0.835167	
0.165033	0.834967	
0.165233	0.834767	
0.165433	0.834567	
0.165633	0.834367	
0.165833	0.834167	
0.166033	0.833967	
0.166233	0.833767	
0.166433	0.833567	
0.166633	0.833367	
0.166833	0.833167	
0.167033	0.832967	
0.167233	0.832767	
0.167433	0.832567	
0.167634	0.832366	
0.167834	0.832166	
0.168034	0.831966	
0.168234	0.831766	
0.168434	0.831566	
0.168634	0.831366	
0.168834	0.831166	
0.169034	0.830966	
0.169234	0.830766	
0.169434	0.830566	
0.169634	0.830366	
0.169834	0.830166	
0.170034	0.829966	
0.170234	0.829766	
0.170434	0.829566	
0.170634	0.829366	
0.170834	0.829166	
0.171034	0.828966	
0.171234	0.828766	
0.171434	0.828566	
0.171634	0.828366	
0.171834	0.828166	
0.172034	0.827966	
0.172234	0.827766	
0.172434	0.827566	
0.172635	0.827365	
0.172835	0.827165	
0.173035	0.826965	
0.173235	0.826765	
0.173435	0.826565	
0.173635	0.826365	
0.173835	0.826165	
0.174035	0.825965	
0.174235	0.825765	
0.174435	0.825565	
0.174635	0.825365	
0.174835	0.825165	
0.175035	0.824965	
0.175235	0.824765	
0.175435	0.824565	
0.175635	0.824365	
0.175835	0.824165	
0.176035	0.823965	
0.176235	0.823765	
0.176435	0.823565	
0.176635	0.823365	
0.176835	0.823165	
0.177035	0.822965	
0.177235	0.822765	
0.177435	0.822565	
0.177636	0.822364	
0.177836	0.822164	
0.178036	0.821964	
0.178236	0.821764	
0.178436	0.821564	
0.178636	0.821364	
0.178836	0.821164	
0.179036	0.820964	
0.179236	0.820764	
0.179436	0.820564	
0.179636	0.820364	
0.179836	0.820164	
0.180036	0.819964	
0.180236	0.819764	
0.180436	0.819564	
0.180636	0.819364	
0.180836	0.819164	
0.181036	0.818964	
0.181236	0.818764	
0.181436	0.818564	
0.181636	0.818364	
0.181836	0.818164	
0.182036	0.817964	
0.182236	0.817764	
0.182436	0.817564	
0.182637	0.817363	
0.182837	0.817163	
0.183037	0.816963	
0.183237	0.816763	
0.183437	0.816563	
0.183637	0.816363	
0.183837	0.816163	
0.184037	0.815963	
0.184237	0.815763	
0.184437	0.815563	
0.184637	0.815363	
0.184837	0.815163	
0.185037	0.814963	
0.185237	0.814763	
0.185437	0.814563	
0.185637	0.814363	
0.185837	0.814163	
0.186037	0.813963	
0.186237	0.813763	
0.186437	0.813563	
0.186637	0.813363	
0.186837	0.813163	
0.187037	0.812963	
0.187237	0.812763	
0.187437	0.812563	
0.187638	0.812362	
0.187838	0.812162	
0.188038	0.811962	
0.188238	0.811762	
0.188438	0.811562	
0.188638	0.811362	
0.188838	0.811162	
0.189038	0.810962	
0.189238	0.810762	
0.189438	0.810562	
0.189638	0.810362	
0.189838	0.810162	
0.190038	0.809962	
0.190238	0.809762	
0.190438	0.809562	
0.190638	0.809362	
0.190838	0.809162	
0.191038	0.808962	
0.191238	0.808762	
0.191438	0.808562	
0.191638	0.808362	
0.191838	0.808162	
0.192038	0.807962	
0.192238	0.807762	
0.192438	0.807562	
0.192639	0.807361	
0.192839	0.807161	
0.193039	0.806961	
0.193239	0.806761	
0.193439	0.806561	
0.193639	0.806361	
0.193839	0.806161	
0.194039	0.805961	
0.194239	0.805761	
0.194439	0.805561	
0.194639	0.805361	
0.194839	0.805161	
0.195039	0.804961	
0.195239	0.804761	
0.195439	0.804561	
0.195639	0.804361	
0.195839	0.804161	
0.196039	0.803961	
0.196239	0.803761	
0.196439	0.803561	
0.196639	0.803361	
0.196839	0.803161	
0.197039	0.802961	
0.197239	0.802761	
0.197439	0.802561	
0.19764	0.80236	
0.19784	0.80216	
0.19804	0.80196	
0.19824	0.80176	
0.19844	0.80156	
0.19864	0.80136	
0.19884	0.80116	
0.19904	0.80096	
0.19924	0.80076	
0.19944	0.80056	
0.19964	0.80036	
0.19984	0.80016	
0.20004	0.79996	
0.20024	0.79976	
0.20044	0.79956	
0.20064	0.79936	
0.20084	0.79916	
0.20104	0.79896	
0.20124	0.79876	
0.20144	0.79856	
0.20164	0.79836	
0.20184	0.79816	
0.20204	0.79796	
0.20224	0.79776	
0.20244	0.79756	
0.202641	0.797359	
0.202841	0.797159	
0.203041	0.796959	
0.203241	0.796759	
0.203441	0.796559	
0.203641	0.796359	
0.203841	0.796159	
0.204041	0.795959	
0.204241	0.795759	
0.204441	0.795559	
0.204641	0.795359	
0.204841	0.795159	
0.205041	0.794959	
0.205241	0.794759	
0.205441	0.794559	
0.205641	0.794359	
0.205841	0.794159	
0.206041	0.793959	
0.206241	0.793759	
0.206441	0.793559	
0.206641	0.793359	
0.206841	0.793159	
0.207041	0.792959	
0.207241	0.792759	
0.207441	0.792559	
0.207642	0.792358	
0.207842	0.792158	
0.208042	0.791958	
0.208242	0.791758	
0.208442	0.791558	
0.208642	0.791358	
0.208842	0.791158	
0.209042	0.790958	
0.209242	0.790758	
0.209442	0.790558	
0.209642	0.790358	
0.209842	0.790158	
0.210042	0.789958	
0.210242	0.789758	
0.210442	0.789558	
0.210642	0.789358	
0.210842	0.789158	
0.211042	0.788958	
0.211242	0.788758	
0.211442	0.788558	
0.211642	0.788358	
0.211842	0.788158	
0.212042	0.787958	
0.212242	0.787758	
0.212442	0.787558	
0.212643	0.787357	
0.212843	0.787157	
0.213043	0.786957	
0.213243	0.786757	
0.213443	0.786557	
0.213643	0.786357	
0.213843	0.786157	
0.214043	0.785957	
0.214243	0.785757	
0.214443	0.785557	
0.214643	0.785357	
0.214843	0.785157	
0.215043	0.784957	
0.215243	0.784757	
0.215443	0.784557	
0.215643	0.784357	
0.215843	0.784157	
0.216043	0.783957	
0.216243	0.783757	
0.216443	0.783557	
0.216643	0.783357	
0.216843	0.783157	
0.217043	0.782957	
0.217243	0.782757	
0.217443	0.782557	
0.217644	0.782356	
0.217844	0.782156	
0.218044	0.781956	
0.218244	0.781756	
0.218444	0.781556	
0.218644	0.781356	
0.218844	0.781156	
0.219044	0.780956	
0.219244	0.780756	
0.219444	0.780556	
0.219644	0.780356	
0.219844	0.780156	
0.220044	0.779956	
0.220244	0.779756	
0.220444	0.779556	
0.220644	0.779356	
0.220844	0.779156	
0.221044	0.778956	
0.221244	0.778756	
0.221444	0.778556	
0.221644	0.778356	
0.221844	0.778156	
0.222044	0.777956	
0.222244	0.777756	
0.222444	0.777556	
0.222645	0.777355	
0.222845	0.777155	
0.223045	0.776955	
0.223245	0.776755	
0.223445	0.776555	
0.223645	0.776355	
0.223845	0.776155	
0.224045	0.775955	
0.224245	0.775755	
0.224445	0.775555	
0.224645	0.775355	
0.224845	0.775155	
0.225045	0.774955	
0.225245	0.774755	
0.225445	0.774555	
0.225645	0.774355	
0.225845	0.774155	
0.226045	0.773955	
0.226245	0.773755	
0.226445	0.773555	
0.226645	0.773355	
0.226845	0.773155	
0.227045	0.772955	
0.227245	0.772755	
0.227445	0.772555	
0.227646	0.772354	
0.227846	0.772154	
0.228046	0.771954	
0.228246	0.771754	
0.228446	0.771554	
0.228646	0.771354	
0.228846	0.771154	
0.229046	0.770954	
0.229246	0.770754	
0.229446	0.770554	
0.229646	0.770354	
0.229846	0.770154	
0.230046	0.769954	
0.230246	0.769754	
0.230446	0.769554	
0.230646	0.769354	
0.230846	0.769154	
0.231046	0.768954	
0.231246	0.768754	
0.231446	0.768554	
0.231646	0.768354	
0.231846	0.768154	
0.232046	0.767954	
0.232246	0.767754	
0.232446	0.767554	
0.232647	0.767353	
0.232847	0.767153	
0.233047	0.766953	
0.233247	0.766753	
0.233447	0.766553	
0.233647	0.766353	
0.233847	0.766153	
0.234047	0.765953	
0.234247	0.765753	
0.234447	0.765553	
0.234647	0.765353	
0.234847	0.765153	
0.235047	0.764953	
0.235247	0.764753	
0.235447	0.764553	
0.235647	0.764353	
0.235847	0.764153	
0.236047	0.763953	
0.236247	0.763753	
0.236447	0.763553	
0.236647	0.763353	
0.236847	0.763153	
0.237047	0.762953	
0.237247	0.762753	
0.237447	0.762553	
0.237648	0.762352	
0.237848	0.762152	
0.238048	0.761952	
0.238248	0.761752	
0.238448	0.761552	
0.238648	0.761352	
0.238848	0.761152	
0.239048	0.760952	
0.239248	0.760752	
0.239448	0.760552	
0.239648	0.760352	
0.239848	0.760152	
0.240048	0.759952	
0.240248	0.759752	
0.240448	0.759552	
0.240648	0.759352	
0.240848	0.759152	
0.241048	0.758952	
0.241248	0.758752	
0.241448	0.758552	
0.241648	0.758352	
0.241848	0.758152	
0.242048	0.757952	
0.242248	0.757752	
0.242448	0.757552	
0.242649	0.757351	
0.242849	0.757151	
0.243049	0.756951	
0.243249	0.756751	
0.243449	0.756551	
0.243649	0.756351	
0.243849	0.756151	
0.244049	0.755951	
0.244249	0.755751	
0.244449	0.755551	
0.244649	0.755351	
0.244849	0.755151	
0.245049	0.754951	
0.245249	0.754751	
0.245449	0.754551	
0.245649	0.754351	
0.245849	0.754151	
0.246049	0.753951	
0.246249	0.753751	
0.246449	0.753551	
0.246649	0.753351	
0.246849	0.753151	
0.247049	0.752951	
0.247249	0.752751	
0.247449	0.752551	
0.24765	0.75235	
0.24785	0.75215	
0.24805	0.75195	
0.24825	0.75175	
0.24845	0.75155	
0.24865	0.75135	
0.24885	0.75115	
0.24905	0.75095	
0.24925	0.75075	
0.24945	0.75055	
0.24965	0.75035	
0.24985	0.75015	
0.25005	0.74995	
0.25025	0.74975	
0.25045	0.74955	
0.25065	0.74935	
0.25085	0.74915	
0.25105	0.74895	
0.25125	0.74875	
0.25145	0.74855	
0.25165	0.74835	
0.25185	0.74815	
0.25205	0.74795	
0.25225	0.74775	
0.25245	0.74755	
0.252651	0.747349	
0.252851	0.747149	
0.253051	0.746949	
0.253251	0.746749	
0.253451	0.746549	
0.253651	0.746349	
0.253851	0.746149	
0.254051	0.745949	
0.254251	0.745749	
0.254451	0.745549	
0.254651	0.745349	
0.254851	0.745149	
0.255051	0.744949	
0.255251	0.744749	
0.255451	0.744549	
0.255651	0.744349	
0.255851	0.744149	
0.256051	0.743949	
0.256251	0.743749	
0.256451	0.743549	
0.256651	0.743349	
0.256851	0.743149	
0.257051	0.742949	
0.257251	0.742749	
0.257451	0.742549	
0.257652	0.742348	
0.257852	0.742148	
0.258052	0.741948	
0.258252	0.741748	
0.258452	0.741548	
0.258652	0.741348	
0.258852	0.741148	
0.259052	0.740948	
0.259252	0.740748	
0.259452	0.740548	
0.259652	0.740348	
0.259852	0.740148	
0.260052	0.739948	
0.260252	0.739748	
0.260452	0.739548	
0.260652	0.739348	
0.260852	0.739148	
0.261052	0.738948	
0.261252	0.738748	
0.261452	0.738548	
0.261652	0.738348	
0.261852	0.738148	
0.262052	0.737948	
0.262252	0.737748	
0.262452	0.737548	
0.262653	0.737347	
0.262853	0.737147	
0.263053	0.736947	
0.263253	0.736747	
0.263453	0.736547	
0.263653	0.736347	
0.263853	0.736147	
0.264053	0.735947	
0.264253	0.735747	
0.264453	0.735547	
0.264653	0.735347	
0.264853	0.735147	
0.265053	0.734947	
0.265253	0.734747	
0.265453	0.734547	
0.265653	0.734347	
0.265853	0.734147	
0.266053	0.733947	
0.266253	0.733747	
0.266453	0.733547	
0.266653	0.733347	
0.266853	0.733147	
0.267053	0.732947	
0.267253	0.732747	
0.267453	0.732547	
0.267654	0.732346	
0.267854	0.732146	
0.268054	0.731946	
0.268254	0.731746	
0.268454	0.731546	
0.268654	0.731346	
0.268854	0.731146	
0.269054	0.730946	
0.269254	0.730746	
0.269454	0.730546	
0.269654	0.730346	
0.269854	0.730146	
0.270054	0.729946	
0.270254	0.729746	
0.270454	0.729546	
0.270654	0.729346	
0.270854	0.729146	
0.271054	0.728946	
0.271254	0.728746	
0.271454	0.728546	
0.271654	0.728346	
0.271854	0.728146	
0.272054	0.727946	
0.272254	0.727746	
0.272454	0.727546	
0.272655	0.727345	
0.272855	0.727145	
0.273055	0.726945	
0.273255	0.726745	
0.273455	0.726545	
0.273655	0.726345	
0.273855	0.726145	
0.274055	0.725945	
0.274255	0.725745	
0.274455	0.725545	
0.274655	0.725345	
0.274855	0.725145	
0.275055	0.724945	
0.275255	0.724745	
0.275455	0.724545	
0.275655	0.724345	
0.275855	0.724145	
0.276055	0.723945	
0.276255	0.723745	
0.276455	0.723545	
0.276655	0.723345	
0.276855	0.723145	
0.277055	0.722945	
0.277255	0.722745	
0.277455	0.722545	
0.277656	0.722344	
0.277856	0.722144	
0.278056	0.721944	
0.278256	0.721744	
0.278456	0.721544	
0.278656	0.721344	
0.278856	0.721144	
0.279056	0.720944	
0.279256	0.720744	
0.279456	0.720544	
0.279656	0.720344	
0.279856	0.720144	
0.280056	0.719944	
0.280256	0.719744	
0.280456	0.719544	
0.280656	0.719344	
0.280856	0.719144	
0.281056	0.718944	
0.281256	0.718744	
0.281456	0.718544	
0.281656	0.718344	
0.281856	0.718144	
0.282056	0.717944	
0.282256	0.717744	
0.282456	0.717544	
0.282657	0.717343	
0.282857	0.717143	
0.283057	0.716943	
0.283257	0.716743	
0.283457	0.716543	
0.283657	0.716343	
0.283857	0.716143	
0.284057	0.715943	
0.284257	0.715743	
0.284457	0.715543	
0.284657	0.715343	
0.284857	0.715143	
0.285057	0.714943	
0.285257	0.714743	
0.285457	0.714543	
0.285657	0.714343	
0.285857	0.714143	
0.286057	0.713943	
0.286257	0.713743	
0.286457	0.713543	
0.286657	0.713343	
0.286857	0.713143	
0.287057	0.712943	
0.287257	0.712743	
0.287457	0.712543	
0.287658	0.712342	
0.287858	0.712142	
0.288058	0.711942	
0.288258	0.711742	
0.288458	0.711542	
0.288658	0.711342	
0.288858	0.711142	
0.289058	0.710942	
0.289258	0.710742	
0.289458	0.710542	
0.289658	0.710342	
0.289858	0.710142	
0.290058	0.709942	
0.290258	0.709742	
0.290458	0.709542	
0.290658	0.709342	
0.290858	0.709142	
0.291058	0.708942	
0.291258	0.708742	
0.291458	0.708542	
0.291658	0.708342	
0.291858	0.708142	
0.292058	0.707942	
0.292258	0.707742	
0.292458	0.707542	
0.292659	0.707341	
0.292859	0.707141	
0.293059	0.706941	
0.293259	0.706741	
0.293459	0.706541	
0.293659	0.706341	
0.293859	0.706141	
0.294059	0.705941	
0.294259	0.705741	
0.294459	0.705541	
0.294659	0.705341	
0.294859	0.705141	
0.295059	0.704941	
0.295259	0.704741	
0.295459	0.704541	
0.295659	0.704341	
0.295859	0.704141	
0.296059	0.703941	
0.296259	0.703741	
0.296459	0.703541	
0.296659	0.703341	
0.296859	0.703141	
0.297059	0.702941	
0.297259	0.702741	
0.297459	0.702541	
0.29766	0.70234	
0.29786	0.70214	
0.29806	0.70194	
0.29826	0.70174	
0.29846	0.70154	
0.29866	0.70134	
0.29886	0.70114	
0.29906	0.70094	
0.29926	0.70074	
0.29946	0.70054	
0.29966	0.70034	
0.29986	0.70014	
0.30006	0.69994	
0.30026	0.69974	
0.30046	0.69954	
0.30066	0.69934	
0.30086	0.69914	
0.30106	0.69894	
0.30126	0.69874	
0.30146	0.69854	
0.30166	0.69834	
0.30186	0.69814	
0.30206	0.69794	
0.30226	0.69774	
0.30246	0.69754	
0.302661	0.697339	
0.302861	0.697139	
0.303061	0.696939	
0.303261	0.696739	
0.303461	0.696539	
0.303661	0.696339	
0.303861	0.696139	
0.304061	0.695939	
0.304261	0.695739	
0.304461	0.695539	
0.304661	0.695339	
0.304861	0.695139	
0.305061	0.694939	
0.305261	0.694739	
0.305461	0.694539	
0.305661	0.694339	
0.305861	0.694139	
0.306061	0.693939	
0.306261	0.693739	
0.306461	0.693539	
0.306661	0.693339	
0.306861	0.693139	
0.307061	0.692939	
0.307261	0.692739	
0.307461	0.692539	
0.307662	0.692338	
0.307862	0.692138	
0.308062	0.691938	
0.308262	0.691738	
0.308462	0.691538	
0.308662	0.691338	
0.308862	0.691138	
0.309062	0.690938	
0.309262	0.690738	
0.309462	0.690538	
0.309662	0.690338	
0.309862	0.690138	
0.310062	0.689938	
0.310262	0.689738	
0.310462	0.689538	
0.310662	0.689338	
0.310862	0.689138	
0.311062	0.688938	
0.311262	0.688738	
0.311462	0.688538	
0.311662	0.688338	
0.311862	0.688138	
0.312062	0.687938	
0.312262	0.687738	
0.312462	0.687538	
0.312663	0.687337	
0.312863	0.687137	
0.313063	0.686937	
0.313263	0.686737	
0.313463	0.686537	
0.313663	0.686337	
0.313863	0.686137	
0.314063	0.685937	
0.314263	0.685737	
0.314463	0.685537	
0.314663	0.685337	
0.314863	0.685137	
0.315063	0.684937	
0.315263	0.684737	
0.315463	0.684537	
0.315663	0.684337	
0.315863	0.684137	
0.316063	0.683937	
0.316263	0.683737	
0.316463	0.683537	
0.316663	0.683337	
0.316863	0.683137	
0.317063	0.682937	
0.317263	0.682737	
0.317463	0.682537	
0.317664	0.682336	
0.317864	0.682136	
0.318064	0.681936	
0.318264	0.681736	
0.318464	0.681536	
0.318664	0.681336	
0.318864	0.681136	
0.319064	0.680936	
0.319264	0.680736	
0.319464	0.680536	
0.319664	0.680336	
0.319864	0.680136	
0.320064	0.679936	
0.320264	0.679736	
0.320464	0.679536	
0.320664	0.679336	
0.320864	0.679136	
0.321064	0.678936	
0.321264	0.678736	
0.321464	0.678536	
0.321664	0.678336	
0.321864	0.678136	
0.322064	0.677936	
0.322264	0.677736	
0.322464	0.677536	
0.322665	0.677335	
0.322865	0.677135	
0.323065	0.676935	
0.323265	0.676735	
0.323465	0.676535	
0.323665	0.676335	
0.323865	0.676135	
0.324065	0.675935	
0.324265	0.675735	
0.324465	0.675535	
0.324665	0.675335	
0.324865	0.675135	
0.325065	0.674935	
0.325265	0.674735	
0.325465	0.674535	
0.325665	0.674335	
0.325865	0.674135	
0.326065	0.673935	
0.326265	0.673735	
0.326465	0.673535	
0.326665	0.673335	
0.326865	0.673135	
0.327065	0.672935	
0.327265	0.672735	
0.327465	0.672535	
0.327666	0.672334	
0.327866	0.672134	
0.328066	0.671934	
0.328266	0.671734	
0.328466	0.671534	
0.328666	0.671334	
0.328866	0.671134	
0.329066	0.670934	
0.329266	0.670734	
0.329466	0.670534	
0.329666	0.670334	
0.329866	0.670134	
0.330066	0.669934	
0.330266	0.669734	
0.330466	0.669534	
0.330666	0.669334	
0.330866	0.669134	
0.331066	0.668934	
0.331266	0.668734	
0.331466	0.668534	
0.331666	0.668334	
0.331866	0.668134	
0.332066	0.667934	
0.332266	0.667734	
0.332466	0.667534	
0.332667	0.667333	
0.332867	0.667133	
0.333067	0.666933	
0.333267	0.666733	
0.333467	0.666533	
0.333667	0.666333	
0.333867	0.666133	
0.334067	0.665933	
0.334267	0.665733	
0.334467	0.665533	
0.334667	0.665333	
0.334867	0.665133	
0.335067	0.664933	
0.335267	0.664733	
0.335467	0.664533	
0.335667	0.664333	
0.335867	0.664133	
0.336067	0.663933	
0.336267	0.663733	
0.336467	0.663533	
0.336667	0.663333	
0.336867	0.663133	
0.337067	0.662933	
0.337267	0.662733	
0.337467	0.662533	
0.337668	0.662332	
0.337868	0.662132	
0.338068	0.661932	
0.338268	0.661732	
0.338468	0.661532	
0.338668	0.661332	
0.338868	0.661132	
0.339068	0.660932	
0.339268	0.660732	
0.339468	0.660532	
0.339668	0.660332	
0.339868	0.660132	
0.340068	0.659932	
0.340268	0.659732	
0.340468	0.659532	
0.340668	0.659332	
0.340868	0.659132	
0.341068	0.658932	
0.341268	0.658732	
0.341468	0.658532	
0.341668	0.658332	
0.341868	0.658132	
0.342068	0.657932	
0.342268	0.657732	
0.342468	0.657532	
0.342669	0.657331	
0.342869	0.657131	
0.343069	0.656931	
0.343269	0.656731	
0.343469	0.656531	
0.343669	0.656331	
0.343869	0.656131	
0.344069	0.655931	
0.344269	0.655731	
0.344469	0.655531	
0.344669	0.655331	
0.344869	0.655131	
0.345069	0.654931	
0.345269	0.654731	
0.345469	0.654531	
0.345669	0.654331	
0.345869	0.654131	
0.346069	0.653931	
0.346269	0.653731	
0.346469	0.653531	
0.346669	0.653331	
0.346869	0.653131	
0.347069	0.652931	
0.347269	0.652731	
0.347469	0.652531	
0.34767	0.65233	
0.34787	0.65213	
0.34807	0.65193	
0.34827	0.65173	
0.34847	0.65153	
0.34867	0.65133	
0.34887	0.65113	
0.34907	0.65093	
0.34927	0.65073	
0.34947	0.65053	
0.34967	0.65033	
0.34987	0.65013	
0.35007	0.64993	
0.35027	0.64973	
0.35047	0.64953	
0.35067	0.64933	
0.35087	0.64913	
0.35107	0.64893	
0.35127	0.64873	
0.35147	0.64853	
0.35167	0.64833	
0.35187	0.64813	
0.35207	0.64793	
0.35227	0.64773	
0.35247	0.64753	
0.352671	0.647329	
0.352871	0.647129	
0.353071	0.646929	
0.353271	0.646729	
0.353471	0.646529	
0.353671	0.646329	
0.353871	0.646129	
0.354071	0.645929	
0.354271	0.645729	
0.354471	0.645529	
0.354671	0.645329	
0.354871	0.645129	
0.355071	0.644929	
0.355271	0.644729	
0.355471	0.644529	
0.355671	0.644329	
0.355871	0.644129	
0.356071	0.643929	
0.356271	0.643729	
0.356471	0.643529	
0.356671	0.643329	
0.356871	0.643129	
0.357071	0.642929	
0.357271	0.642729	
0.357471	0.642529	
0.357672	0.642328	
0.357872	0.642128	
0.358072	0.641928	
0.358272	0.641728	
0.358472	0.641528	
0.358672	0.641328	
0.358872	0.641128	
0.359072	0.640928	
0.359272	0.640728	
0.359472	0.640528	
0.359672	0.640328	
0.359872	0.640128	
0.360072	0.639928	
0.360272	0.639728	
0.360472	0.639528	
0.360672	0.639328	
0.360872	0.639128	
0.361072	0.638928	
0.361272	0.638728	
0.361472	0.638528	
0.361672	0.638328	
0.361872	0.638128	
0.362072	0.637928	
0.362272	0.637728	
0.362472	0.637528	
0.362673	0.637327	
0.362873	0.637127	
0.363073	0.636927	
0.363273	0.636727	
0.363473	0.636527	
0.363673	0.636327	
0.363873	0.636127	
0.364073	0.635927	
0.364273	0.635727	
0.364473	0.635527	
0.364673	0.635327	
0.364873	0.635127	
0.365073	0.634927	
0.365273	0.634727	
0.365473	0.634527	
0.365673	0.634327	
0.365873	0.634127	
0.366073	0.633927	
0.366273	0.633727	
0.366473	0.633527	
0.366673	0.633327	
0.366873	0.633127	
0.367073	0.632927	
0.367273	0.632727	
0.367473	0.632527	
0.367674	0.632326	
0.367874	0.632126	
0.368074	0.631926	
0.368274	0.631726	
0.368474	0.631526	
0.368674	0.631326	
0.368874	0.631126	
0.369074	0.630926	
0.369274	0.630726	
0.369474	0.630526	
0.369674	0.630326	
0.369874	0.630126	
0.370074	0.629926	
0.370274	0.629726	
0.370474	0.629526	
0.370674	0.629326	
0.370874	0.629126	
0.371074	0.628926	
0.371274	0.628726	
0.371474	0.628526	
0.371674	0.628326	
0.371874	0.628126	
0.372074	0.627926	
0.372274	0.627726	
0.372474	0.627526	
0.372675	0.627325	
0.372875	0.627125	
0.373075	0.626925	
0.373275	0.626725	
0.373475	0.626525	
0.373675	0.626325	
0.373875	0.626125	
0.374075	0.625925	
0.374275	0.625725	
0.374475	0.625525	
0.374675	0.625325	
0.374875	0.625125	
0.375075	0.624925	
0.375275	0.624725	
0.375475	0.624525	
0.375675	0.624325	
0.375875	0.624125	
0.376075	0.623925	
0.376275	0.623725	
0.376475	0.623525	
0.376675	0.623325	
0.376875	0.623125	
0.377075	0.622925	
0.377275	0.622725	
0.377475	0.622525	
0.377676	0.622324	
0.377876	0.622124	
0.378076	0.621924	
0.378276	0.621724	
0.378476	0.621524	
0.378676	0.621324	
0.378876	0.621124	
0.379076	0.620924	
0.379276	0.620724	
0.379476	0.620524	
0.379676	0.620324	
0.379876	0.620124	
0.380076	0.619924	
0.380276	0.619724	
0.380476	0.619524	
0.380676	0.619324	
0.380876	0.619124	
0.381076	0.618924	
0.381276	0.618724	
0.381476	0.618524	
0.381676	0.618324	
0.381876	0.618124	
0.382076	0.617924	
0.382276	0.617724	
0.382476	0.617524	
0.382677	0.617323	
0.382877	0.617123	
0.383077	0.616923	
0.383277	0.616723	
0.383477	0.616523	
0.383677	0.616323	
0.383877	0.616123	
0.384077	0.615923	
0.384277	0.615723	
0.384477	0.615523	
0.384677	0.615323	
0.384877	0.615123	
0.385077	0.614923	
0.385277	0.614723	
0.385477	0.614523	
0.385677	0.614323	
0.385877	0.614123	
0.386077	0.613923	
0.386277	0.613723	
0.386477	0.613523	
0.386677	0.613323	
0.386877	0.613123	
0.387077	0.612923	
0.387277	0.612723	
0.387477	0.612523	
0.387678	0.612322	
0.387878	0.612122	
0.388078	0.611922	
0.388278	0.611722	
0.388478	0.611522	
0.388678	0.611322	
0.388878	0.611122	
0.389078	0.610922	
0.389278	0.610722	
0.389478	0.610522	
0.389678	0.610322	
0.389878	0.610122	
0.390078	0.609922	
0.390278	0.609722	
0.390478	0.609522	
0.390678	0.609322	
0.390878	0.609122	
0.391078	0.608922	
0.391278	0.608722	
0.391478	0.608522	
0.391678	0.608322	
0.391878	0.608122	
0.392078	0.607922	
0.392278	0.607722	
0.392478	0.607522	
0.392679	0.607321	
0.392879	0.607121	
0.393079	0.606921	
0.393279	0.606721	
0.393479	0.606521	
0.393679	0.606321	
0.393879	0.606121	
0.394079	0.605921	
0.394279	0.605721	
0.394479	0.605521	
0.394679	0.605321	
0.394879	0.605121	
0.395079	0.604921	
0.395279	0.604721	
0.395479	0.604521	
0.395679	0.604321	
0.395879	0.604121	
0.396079	0.603921	
0.396279	0.603721	
0.396479	0.603521	
0.396679	0.603321	
0.396879	0.603121	
0.397079	0.602921	
0.397279	0.602721	
0.397479	0.602521	
0.39768	0.60232	
0.39788	0.60212	
0.39808	0.60192	
0.39828	0.60172	
0.39848	0.60152	
0.39868	0.60132	
0.39888	0.60112	
0.39908	0.60092	
0.39928	0.60072	
0.39948	0.60052	
0.39968	0.60032	
0.39988	0.60012	
0.40008	0.59992	
0.40028	0.59972	
0.40048	0.59952	
0.40068	0.59932	
0.40088	0.59912	
0.40108	0.59892	
0.40128	0.59872	
0.40148	0.59852	
0.40168	0.59832	
0.40188	0.59812	
0.40208	0.59792	
0.40228	0.59772	
0.40248	0.59752	
0.402681	0.597319	
0.402881	0.597119	
0.403081	0.596919	
0.403281	0.596719	
0.403481	0.596519	
0.403681	0.596319	
0.403881	0.596119	
0.404081	0.595919	
0.404281	0.595719	
0.404481	0.595519	
0.404681	0.595319	
0.404881	0.595119	
0.405081	0.594919	
0.405281	0.594719	
0.405481	0.594519	
0.405681	0.594319	
0.405881	0.594119	
0.406081	0.593919	
0.406281	0.593719	
0.406481	0.593519	
0.406681	0.593319	
0.406881	0.593119	
0.407081	0.592919	
0.407281	0.592719	
0.407481	0.592519	
0.407682	0.592318	
0.407882	0.592118	
0.408082	0.591918	
0.408282	0.591718	
0.408482	0.591518	
0.408682	0.591318	
0.408882	0.591118	
0.409082	0.590918	
0.409282	0.590718	
0.409482	0.590518	
0.409682	0.590318	
0.409882	0.590118	
0.410082	0.589918	
0.410282	0.589718	
0.410482	0.589518	
0.410682	0.589318	
0.410882	0.589118	
0.411082	0.588918	
0.411282	0.588718	
0.411482	0.588518	
0.411682	0.588318	
0.411882	0.588118	
0.412082	0.587918	
0.412282	0.587718	
0.412482	0.587518	
0.412683	0.587317	
0.412883	0.587117	
0.413083	0.586917	
0.413283	0.586717	
0.413483	0.586517	
0.413683	0.586317	
0.413883	0.586117	
0.414083	0.585917	
0.414283	0.585717	
0.414483	0.585517	
0.414683	0.585317	
0.414883	0.585117	
0.415083	0.584917	
0.415283	0.584717	
0.415483	0.584517	
0.415683	0.584317	
0.415883	0.584117	
0.416083	0.583917	
0.416283	0.583717	
0.416483	0.583517	
0.416683	0.583317	
0.416883	0.583117	
0.417083	0.582917	
0.417283	0.582717	
0.417483	0.582517	
0.417684	0.582316	
0.417884	0.582116	
0.418084	0.581916	
0.418284	0.581716	
0.418484	0.581516	
0.418684	0.581316	
0.418884	0.581116	
0.419084	0.580916	
0.419284	0.580716	
0.419484	0.580516	
0.419684	0.580316	
0.419884	0.580116	
0.420084	0.579916	
0.420284	0.579716	
0.420484	0.579516	
0.420684	0.579316	
0.420884	0.579116	
0.421084	0.578916	
0.421284	0.578716	
0.421484	0.578516	
0.421684	0.578316	
0.421884	0.578116	
0.422084	0.577916	
0.422284	0.577716	
0.422484	0.577516	
0.422685	0.577315	
0.422885	0.577115	
0.423085	0.576915	
0.423285	0.576715	
0.423485	0.576515	
0.423685	0.576315	
0.423885	0.576115	
0.424085	0.575915	
0.424285	0.575715	
0.424485	0.575515	
0.424685	0.575315	
0.424885	0.575115	
0.425085	0.574915	
0.425285	0.574715	
0.425485	0.574515	
0.425685	0.574315	
0.425885	0.574115	
0.426085	0.573915	
0.426285	0.573715	
0.426485	0.573515	
0.426685	0.573315	
0.426885	0.573115	
0.427085	0.572915	
0.427285	0.572715	
0.427485	0.572515	
0.427686	0.572314	
0.427886	0.572114	
0.428086	0.571914	
0.428286	0.571714	
0.428486	0.571514	
0.428686	0.571314	
0.428886	0.571114	
0.429086	0.570914	
0.429286	0.570714	
0.429486	0.570514	
0.429686	0.570314	
0.429886	0.570114	
0.430086	0.569914	
0.430286	0.569714	
0.430486	0.569514	
0.430686	0.569314	
0.430886	0.569114	
0.431086	0.568914	
0.431286	0.568714	
0.431486	0.568514	
0.431686	0.568314	
0.431886	0.568114	
0.432086	0.567914	
0.432286	0.567714	
0.432486	0.567514	
0.432687	0.567313	
0.432887	0.567113	
0.433087	0.566913	
0.433287	0.566713	
0.433487	0.566513	
0.433687	0.566313	
0.433887	0.566113	
0.434087	0.565913	
0.434287	0.565713	
0.434487	0.565513	
0.434687	0.565313	
0.434887	0.565113	
0.435087	0.564913	
0.435287	0.564713	
0.435487	0.564513	
0.435687	0.564313	
0.435887	0.564113	
0.436087	0.563913	
0.436287	0.563713	
0.436487	0.563513	
0.436687	0.563313	
0.436887	0.563113	
0.437087	0.562913	
0.437287	0.562713	
0.437487	0.562513	
0.437688	0.562312	
0.437888	0.562112	
0.438088	0.561912	
0.438288	0.561712	
0.438488	0.561512	
0.438688	0.561312	
0.438888	0.561112	
0.439088	0.560912	
0.439288	0.560712	
0.439488	0.560512	
0.439688	0.560312	
0.439888	0.560112	
0.440088	0.559912	
0.440288	0.559712	
0.440488	0.559512	
0.440688	0.559312	
0.440888	0.559112	
0.441088	0.558912	
0.441288	0.558712	
0.441488	0.558512	
0.441688	0.558312	
0.441888	0.558112	
0.442088	0.557912	
0.442288	0.557712	
0.442488	0.557512	
0.442689	0.557311	
0.442889	0.557111	
0.443089	0.556911	
0.443289	0.556711	
0.443489	0.556511	
0.443689	0.556311	
0.443889	0.556111	
0.444089	0.555911	
0.444289	0.555711	
0.444489	0.555511	
0.444689	0.555311	
0.444889	0.555111	
0.445089	0.554911	
0.445289	0.554711	
0.445489	0.554511	
0.445689	0.554311	
0.445889	0.554111	
0.446089	0.553911	
0.446289	0.553711	
0.446489	0.553511	
0.446689	0.553311	
0.446889	0.553111	
0.447089	0.552911	
0.447289	0.552711	
0.447489	0.552511	
0.44769	0.55231	
0.44789	0.55211	
0.44809	0.55191	
0.44829	0.55171	
0.44849	0.55151	
0.44869	0.55131	
0.44889	0.55111	
0.44909	0.55091	
0.44929	0.55071	
0.44949	0.55051	
0.44969	0.55031	
0.44989	0.55011	
0.45009	0.54991	
0.45029	0.54971	
0.45049	0.54951	
0.45069	0.54931	
0.45089	0.54911	
0.45109	0.54891	
0.45129	0.54871	
0.45149	0.54851	
0.45169	0.54831	
0.45189	0.54811	
0.45209	0.54791	
0.45229	0.54771	
0.45249	0.54751	
0.452691	0.547309	
0.452891	0.547109	
0.453091	0.546909	
0.453291	0.546709	
0.453491	0.546509	
0.453691	0.546309	
0.453891	0.546109	
0.454091	0.545909	
0.454291	0.545709	
0.454491	0.545509	
0.454691	0.545309	
0.454891	0.545109	
0.455091	0.544909	
0.455291	0.544709	
0.455491	0.544509	
0.455691	0.544309	
0.455891	0.544109	
0.456091	0.543909	
0.456291	0.543709	
0.456491	0.543509	
0.456691	0.543309	
0.456891	0.543109	
0.457091	0.542909	
0.457291	0.542709	
0.457491	0.542509	
0.457692	0.542308	
0.457892	0.542108	
0.458092	0.541908	
0.458292	0.541708	
0.458492	0.541508	
0.458692	0.541308	
0.458892	0.541108	
0.459092	0.540908	
0.459292	0.540708	
0.459492	0.540508	
0.459692	0.540308	
0.459892	0.540108	
0.460092	0.539908	
0.460292	0.539708	
0.460492	0.539508	
0.460692	0.539308	
0.460892	0.539108	
0.461092	0.538908	
0.461292	0.538708	
0.461492	0.538508	
0.461692	0.538308	
0.461892	0.538108	
0.462092	0.537908	
0.462292	0.537708	
0.462492	0.537508	
0.462693	0.537307	
0.462893	0.537107	
0.463093	0.536907	
0.463293	0.536707	
0.463493	0.536507	
0.463693	0.536307	
0.463893	0.536107	
0.464093	0.535907	
0.464293	0.535707	
0.464493	0.535507	
0.464693	0.535307	
0.464893	0.535107	
0.465093	0.534907	
0.465293	0.534707	
0.465493	0.534507	
0.465693	0.534307	
0.465893	0.534107	
0.466093	0.533907	
0.466293	0.533707	
0.466493	0.533507	
0.466693	0.533307	
0.466893	0.533107	
0.467093	0.532907	
0.467293	0.532707	
0.467493	0.532507	
0.467694	0.532306	
0.467894	0.532106	
0.468094	0.531906	
0.468294	0.531706	
0.468494	0.531506	
0.468694	0.531306	
0.468894	0.531106	
0.469094	0.530906	
0.469294	0.530706	
0.469494	0.530506	
0.469694	0.530306	
0.469894	0.530106	
0.470094	0.529906	
0.470294	0.529706	
0.470494	0.529506	
0.470694	0.529306	
0.470894	0.529106	
0.471094	0.528906	
0.471294	0.528706	
0.471494	0.528506	
0.471694	0.528306	
0.471894	0.528106	
0.472094	0.527906	
0.472294	0.527706	
0.472494	0.527506	
0.472695	0.527305	
0.472895	0.527105	
0.473095	0.526905	
0.473295	0.526705	
0.473495	0.526505	
0.473695	0.526305	
0.473895	0.526105	
0.474095	0.525905	
0.474295	0.525705	
0.474495	0.525505	
0.474695	0.525305	
0.474895	0.525105	
0.475095	0.524905	
0.475295	0.524705	
0.475495	0.524505	
0.475695	0.524305	
0.475895	0.524105	
0.476095	0.523905	
0.476295	0.523705	
0.476495	0.523505	
0.476695	0.523305	
0.476895	0.523105	
0.477095	0.522905	
0.477295	0.522705	
0.477495	0.522505	
0.477696	0.522304	
0.477896	0.522104	
0.478096	0.521904	
0.478296	0.521704	
0.478496	0.521504	
0.478696	0.521304	
0.478896	0.521104	
0.479096	0.520904	
0.479296	0.520704	
0.479496	0.520504	
0.479696	0.520304	
0.479896	0.520104	
0.480096	0.519904	
0.480296	0.519704	
0.480496	0.519504	
0.480696	0.519304	
0.480896	0.519104	
0.481096	0.518904	
0.481296	0.518704	
0.481496	0.518504	
0.481696	0.518304	
0.481896	0.518104	
0.482096	0.517904	
0.482296	0.517704	
0.482496	0.517504	
0.482697	0.517303	
0.482897	0.517103	
0.483097	0.516903	
0.483297	0.516703	
0.483497	0.516503	
0.483697	0.516303	
0.483897	0.516103	
0.484097	0.515903	
0.484297	0.515703	
0.484497	0.515503	
0.484697	0.515303	
0.484897	0.515103	
0.485097	0.514903	
0.485297	0.514703	
0.485497	0.514503	
0.485697	0.514303	
0.485897	0.514103	
0.486097	0.513903	
0.486297	0.513703	
0.486497	0.513503	
0.486697	0.513303	
0.486897	0.513103	
0.487097	0.512903	
0.487297	0.512703	
0.487497	0.512503	
0.487698	0.512302	
0.487898	0.512102	
0.488098	0.511902	
0.488298	0.511702	
0.488498	0.511502	
0.488698	0.511302	
0.488898	0.511102	
0.489098	0.510902	
0.489298	0.510702	
0.489498	0.510502	
0.489698	0.510302	
0.489898	0.510102	
0.490098	0.509902	
0.490298	0.509702	
0.490498	0.509502	
0.490698	0.509302	
0.490898	0.509102	
0.491098	0.508902	
0.491298	0.508702	
0.491498	0.508502	
0.491698	0.508302	
0.491898	0.508102	
0.492098	0.507902	
0.492298	0.507702	
0.492498	0.507502	
0.492699	0.507301	
0.492899	0.507101	
0.493099	0.506901	
0.493299	0.506701	
0.493499	0.506501	
0.493699	0.506301	
0.493899	0.506101	
0.494099	0.505901	
0.494299	0.505701	
0.494499	0.505501	
0.494699	0.505301	
0.494899	0.505101	
0.495099	0.504901	
0.495299	0.504701	
0.495499	0.504501	
0.495699	0.504301	
0.495899	0.504101	
0.496099	0.503901	
0.496299	0.503701	
0.496499	0.503501	
0.496699	0.503301	
0.496899	0.503101	
0.497099	0.502901	
0.497299	0.502701	
0.497499	0.502501	
0.4977	0.5023	
0.4979	0.5021	
0.4981	0.5019	
0.4983	0.5017	
0.4985	0.5015	
0.4987	0.5013	
0.4989	0.5011	
0.4991	0.5009	
0.4993	0.5007	
0.4995	0.5005	
0.4997	0.5003	
0.4999	0.5001	
0.5001	0.4999	
0.5003	0.4997	
0.5005	0.4995	
0.5007	0.4993	
0.5009	0.4991	
0.5011	0.4989	
0.5013	0.4987	
0.5015	0.4985	
0.5017	0.4983	
0.5019	0.4981	
0.5021	0.4979	
0.5023	0.4977	
0.502501	0.497499	
0.502701	0.497299	
0.502901	0.497099	
0.503101	0.496899	
0.503301	0.496699	
0.503501	0.496499	
0.503701	0.496299	
0.503901	0.496099	
0.504101	0.495899	
0.504301	0.495699	
0.504501	0.495499	
0.504701	0.495299	
0.504901	0.495099	
0.505101	0.494899	
0.505301	0.494699	
0.505501	0.494499	
0.505701	0.494299	
0.505901	0.494099	
0.506101	0.493899	
0.506301	0.493699	
0.506501	0.493499	
0.506701	0.493299	
0.506901	0.493099	
0.507101	0.492899	
0.507301	0.492699	
0.507502	0.492498	
0.507702	0.492298	
0.507902	0.492098	
0.508102	0.491898	
0.508302	0.491698	
0.508502	0.491498	
0.508702	0.491298	
0.508902	0.491098	
0.509102	0.490898	
0.509302	0.490698	
0.509502	0.490498	
0.509702	0.490298	
0.509902	0.490098	
0.510102	0.489898	
0.510302	0.489698	
0.510502	0.489498	
0.510702	0.489298	
0.510902	0.489098	
0.511102	0.488898	
0.511302	0.488698	
0.511502	0.488498	
0.511702	0.488298	
0.511902	0.488098	
0.512102	0.487898	
0.512302	0.487698	
0.512503	0.487497	
0.512703	0.487297	
0.512903	0.487097	
0.513103	0.486897	
0.513303	0.486697	
0.513503	0.486497	
0.513703	0.486297	
0.513903	0.486097	
0.514103	0.485897	
0.514303	0.485697	
0.514503	0.485497	
0.514703	0.485297	
0.514903	0.485097	
0.515103	0.484897	
0.515303	0.484697	
0.515503	0.484497	
0.515703	0.484297	
0.515903	0.484097	
0.516103	0.483897	
0.516303	0.483697	
0.516503	0.483497	
0.516703	0.483297	
0.516903	0.483097	
0.517103	0.482897	
0.517303	0.482697	
0.517504	0.482496	
0.517704	0.482296	
0.517904	0.482096	
0.518104	0.481896	
0.518304	0.481696	
0.518504	0.481496	
0.518704	0.481296	
0.518904	0.481096	
0.519104	0.480896	
0.519304	0.480696	
0.519504	0.480496	
0.519704	0.480296	
0.519904	0.480096	
0.520104	0.479896	
0.520304	0.479696	
0.520504	0.479496	
0.520704	0.479296	
0.520904	0.479096	
0.521104	0.478896	
0.521304	0.478696	
0.521504	0.478496	
0.521704	0.478296	
0.521904	0.478096	
0.522104	0.477896	
0.522304	0.477696	
0.522505	0.477495	
0.522705	0.477295	
0.522905	0.477095	
0.523105	0.476895	
0.523305	0.476695	
0.523505	0.476495	
0.523705	0.476295	
0.523905	0.476095	
0.524105	0.475895	
0.524305	0.475695	
0.524505	0.475495	
0.524705	0.475295	
0.524905	0.475095	
0.525105	0.474895	
0.525305	0.474695	
0.525505	0.474495	
0.525705	0.474295	
0.525905	0.474095	
0.526105	0.473895	
0.526305	0.473695	
0.526505	0.473495	
0.526705	0.473295	
0.526905	0.473095	
0.527105	0.472895	
0.527305	0.472695	
0.527506	0.472494	
0.527706	0.472294	
0.527906	0.472094	
0.528106	0.471894	
0.528306	0.471694	
0.528506	0.471494	
0.528706	0.471294	
0.528906	0.471094	
0.529106	0.470894	
0.529306	0.470694	
0.529506	0.470494	
0.529706	0.470294	
0.529906	0.470094	
0.530106	0.469894	
0.530306	0.469694	
0.530506	0.469494	
0.530706	0.469294	
0.530906	0.469094	
0.531106	0.468894	
0.531306	0.468694	
0.531506	0.468494	
0.531706	0.468294	
0.531906	0.468094	
0.532106	0.467894	
0.532306	0.467694	
0.532507	0.467493	
0.532707	0.467293	
0.532907	0.467093	
0.533107	0.466893	
0.533307	0.466693	
0.533507	0.466493	
0.533707	0.466293	
0.533907	0.466093	
0.534107	0.465893	
0.534307	0.465693	
0.534507	0.465493	
0.534707	0.465293	
0.534907	0.465093	
0.535107	0.464893	
0.535307	0.464693	
0.535507	0.464493	
0.535707	0.464293	
0.535907	0.464093	
0.536107	0.463893	
0.536307	0.463693	
0.536507	0.463493	
0.536707	0.463293	
0.536907	0.463093	
0.537107	0.462893	
0.537307	0.462693	
0.537508	0.462492	
0.537708	0.462292	
0.537908	0.462092	
0.538108	0.461892	
0.538308	0.461692	
0.538508	0.461492	
0.538708	0.461292	
0.538908	0.461092	
0.539108	0.460892	
0.539308	0.460692	
0.539508	0.460492	
0.539708	0.460292	
0.539908	0.460092	
0.540108	0.459892	
0.540308	0.459692	
0.540508	0.459492	
0.540708	0.459292	
0.540908	0.459092	
0.541108	0.458892	
0.541308	0.458692	
0.541508	0.458492	
0.541708	0.458292	
0.541908	0.458092	
0.542108	0.457892	
0.542308	0.457692	
0.542509	0.457491	
0.542709	0.457291	
0.542909	0.457091	
0.543109	0.456891	
0.543309	0.456691	
0.543509	0.456491	
0.543709	0.456291	
0.543909	0.456091	
0.544109	0.455891	
0.544309	0.455691	
0.544509	0.455491	
0.544709	0.455291	
0.544909	0.455091	
0.545109	0.454891	
0.545309	0.454691	
0.545509	0.454491	
0.545709	0.454291	
0.545909	0.454091	
0.546109	0.453891	
0.546309	0.453691	
0.546509	0.453491	
0.546709	0.453291	
0.546909	0.453091	
0.547109	0.452891	
0.547309	0.452691	
0.54751	0.45249	
0.54771	0.45229	
0.54791	0.45209	
0.54811	0.45189	
0.54831	0.45169	
0.54851	0.45149	
0.54871	0.45129	
0.54891	0.45109	
0.54911	0.45089	
0.54931	0.45069	
0.54951	0.45049	
0.54971	0.45029	
0.54991	0.45009	
0.55011	0.44989	
0.55031	0.44969	
0.55051	0.44949	
0.55071	0.44929	
0.55091	0.44909	
0.55111	0.44889	
0.55131	0.44869	
0.55151	0.44849	
0.55171	0.44829	
0.55191	0.44809	
0.55211	0.44789	
0.55231	0.44769	
0.552511	0.447489	
0.552711	0.447289	
0.552911	0.447089	
0.553111	0.446889	
0.553311	0.446689	
0.553511	0.446489	
0.553711	0.446289	
0.553911	0.446089	
0.554111	0.445889	
0.554311	0.445689	
0.554511	0.445489	
0.554711	0.445289	
0.554911	0.445089	
0.555111	0.444889	
0.555311	0.444689	
0.555511	0.444489	
0.555711	0.444289	
0.555911	0.444089	
0.556111	0.443889	
0.556311	0.443689	
0.556511	0.443489	
0.556711	0.443289	
0.556911	0.443089	
0.557111	0.442889	
0.557311	0.442689	
0.557512	0.442488	
0.557712	0.442288	
0.557912	0.442088	
0.558112	0.441888	
0.558312	0.441688	
0.558512	0.441488	
0.558712	0.441288	
0.558912	0.441088	
0.559112	0.440888	
0.559312	0.440688	
0.559512	0.440488	
0.559712	0.440288	
0.559912	0.440088	
0.560112	0.439888	
0.560312	0.439688	
0.560512	0.439488	
0.560712	0.439288	
0.560912	0.439088	
0.561112	0.438888	
0.561312	0.438688	
0.561512	0.438488	
0.561712	0.438288	
0.561912	0.438088	
0.562112	0.437888	
0.562312	0.437688	
0.562513	0.437487	
0.562713	0.437287	
0.562913	0.437087	
0.563113	0.436887	
0.563313	0.436687	
0.563513	0.436487	
0.563713	0.436287	
0.563913	0.436087	
0.564113	0.435887	
0.564313	0.435687	
0.564513	0.435487	
0.564713	0.435287	
0.564913	0.435087	
0.565113	0.434887	
0.565313	0.434687	
0.565513	0.434487	
0.565713	0.434287	
0.565913	0.434087	
0.566113	0.433887	
0.566313	0.433687	
0.566513	0.433487	
0.566713	0.433287	
0.566913	0.433087	
0.567113	0.432887	
0.567313	0.432687	
0.567514	0.432486	
0.567714	0.432286	
0.567914	0.432086	
0.568114	0.431886	
0.568314	0.431686	
0.568514	0.431486	
0.568714	0.431286	
0.568914	0.431086	
0.569114	0.430886	
0.569314	0.430686	
0.569514	0.430486	
0.569714	0.430286	
0.569914	0.430086	
0.570114	0.429886	
0.570314	0.429686	
0.570514	0.429486	
0.570714	0.429286	
0.570914	0.429086	
0.571114	0.428886	
0.571314	0.428686	
0.571514	0.428486	
0.571714	0.428286	
0.571914	0.428086	
0.572114	0.427886	
0.572314	0.427686	
0.572515	0.427485	
0.572715	0.427285	
0.572915	0.427085	
0.573115	0.426885	
0.573315	0.426685	
0.573515	0.426485	
0.573715	0.426285	
0.573915	0.426085	
0.574115	0.425885	
0.574315	0.425685	
0.574515	0.425485	
0.574715	0.425285	
0.574915	0.425085	
0.575115	0.424885	
0.575315	0.424685	
0.575515	0.424485	
0.575715	0.424285	
0.575915	0.424085	
0.576115	0.423885	
0.576315	0.423685	
0.576515	0.423485	
0.576715	0.423285	
0.576915	0.423085	
0.577115	0.422885	
0.577315	0.422685	
0.577516	0.422484	
0.577716	0.422284	
0.577916	0.422084	
0.578116	0.421884	
0.578316	0.421684	
0.578516	0.421484	
0.578716	0.421284	
0.578916	0.421084	
0.579116	0.420884	
0.579316	0.420684	
0.579516	0.420484	
0.579716	0.420284	
0.579916	0.420084	
0.580116	0.419884	
0.580316	0.419684	
0.580516	0.419484	
0.580716	0.419284	
0.580916	0.419084	
0.581116	0.418884	
0.581316	0.418684	
0.581516	0.418484	
0.581716	0.418284	
0.581916	0.418084	
0.582116	0.417884	
0.582316	0.417684	
0.582517	0.417483	
0.582717	0.417283	
0.582917	0.417083	
0.583117	0.416883	
0.583317	0.416683	
0.583517	0.416483	
0.583717	0.416283	
0.583917	0.416083	
0.584117	0.415883	
0.584317	0.415683	
0.584517	0.415483	
0.584717	0.415283	
0.584917	0.415083	
0.585117	0.414883	
0.585317	0.414683	
0.585517	0.414483	
0.585717	0.414283	
0.585917	0.414083	
0.586117	0.413883	
0.586317	0.413683	
0.586517	0.413483	
0.586717	0.413283	
0.586917	0.413083	
0.587117	0.412883	
0.587317	0.412683	
0.587518	0.412482	
0.587718	0.412282	
0.587918	0.412082	
0.588118	0.411882	
0.588318	0.411682	
0.588518	0.411482	
0.588718	0.411282	
0.588918	0.411082	
0.589118	0.410882	
0.589318	0.410682	
0.589518	0.410482	
0.589718	0.410282	
0.589918	0.410082	
0.590118	0.409882	
0.590318	0.409682	
0.590518	0.409482	
0.590718	0.409282	
0.590918	0.409082	
0.591118	0.408882	
0.591318	0.408682	
0.591518	0.408482	
0.591718	0.408282	
0.591918	0.408082	
0.592118	0.407882	
0.592318	0.407682	
0.592519	0.407481	
0.592719	0.407281	
0.592919	0.407081	
0.593119	0.406881	
0.593319	0.406681	
0.593519	0.406481	
0.593719	0.406281	
0.593919	0.406081	
0.594119	0.405881	
0.594319	0.405681	
0.594519	0.405481	
0.594719	0.405281	
0.594919	0.405081	
0.595119	0.404881	
0.595319	0.404681	
0.595519	0.404481	
0.595719	0.404281	
0.595919	0.404081	
0.596119	0.403881	
0.596319	0.403681	
0.596519	0.403481	
0.596719	0.403281	
0.596919	0.403081	
0.597119	0.402881	
0.597319	0.402681	
0.59752	0.40248	
0.59772	0.40228	
0.59792	0.40208	
0.59812	0.40188	
0.59832	0.40168	
0.59852	0.40148	
0.59872	0.40128	
0.59892	0.40108	
0.59912	0.40088	
0.59932	0.40068	
0.59952	0.40048	
0.59972	0.40028	
0.59992	0.40008	
0.60012	0.39988	
0.60032	0.39968	
0.60052	0.39948	
0.60072	0.39928	
0.60092	0.39908	
0.60112	0.39888	
0.60132	0.39868	
0.60152	0.39848	
0.60172	0.39828	
0.60192	0.39808	
0.60212	0.39788	
0.60232	0.39768	
0.602521	0.397479	
0.602721	0.397279	
0.602921	0.397079	
0.603121	0.396879	
0.603321	0.396679	
0.603521	0.396479	
0.603721	0.396279	
0.603921	0.396079	
0.604121	0.395879	
0.604321	0.395679	
0.604521	0.395479	
0.604721	0.395279	
0.604921	0.395079	
0.605121	0.394879	
0.605321	0.394679	
0.605521	0.394479	
0.605721	0.394279	
0.605921	0.394079	
0.606121	0.393879	
0.606321	0.393679	
0.606521	0.393479	
0.606721	0.393279	
0.606921	0.393079	
0.607121	0.392879	
0.607321	0.392679	
0.607522	0.392478	
0.607722	0.392278	
0.607922	0.392078	
0.608122	0.391878	
0.608322	0.391678	
0.608522	0.391478	
0.608722	0.391278	
0.608922	0.391078	
0.609122	0.390878	
0.609322	0.390678	
0.609522	0.390478	
0.609722	0.390278	
0.609922	0.390078	
0.610122	0.389878	
0.610322	0.389678	
0.610522	0.389478	
0.610722	0.389278	
0.610922	0.389078	
0.611122	0.388878	
0.611322	0.388678	
0.611522	0.388478	
0.611722	0.388278	
0.611922	0.388078	
0.612122	0.387878	
0.612322	0.387678	
0.612523	0.387477	
0.612723	0.387277	
0.612923	0.387077	
0.613123	0.386877	
0.613323	0.386677	
0.613523	0.386477	
0.613723	0.386277	
0.613923	0.386077	
0.614123	0.385877	
0.614323	0.385677	
0.614523	0.385477	
0.614723	0.385277	
0.614923	0.385077	
0.615123	0.384877	
0.615323	0.384677	
0.615523	0.384477	
0.615723	0.384277	
0.615923	0.384077	
0.616123	0.383877	
0.616323	0.383677	
0.616523	0.383477	
0.616723	0.383277	
0.616923	0.383077	
0.617123	0.382877	
0.617323	0.382677	
0.617524	0.382476	
0.617724	0.382276	
0.617924	0.382076	
0.618124	0.381876	
0.618324	0.381676	
0.618524	0.381476	
0.618724	0.381276	
0.618924	0.381076	
0.619124	0.380876	
0.619324	0.380676	
0.619524	0.380476	
0.619724	0.380276	
0.619924	0.380076	
0.620124	0.379876	
0.620324	0.379676	
0.620524	0.379476	
0.620724	0.379276	
0.620924	0.379076	
0.621124	0.378876	
0.621324	0.378676	
0.621524	0.378476	
0.621724	0.378276	
0.621924	0.378076	
0.622124	0.377876	
0.622324	0.377676	
0.622525	0.377475	
0.622725	0.377275	
0.622925	0.377075	
0.623125	0.376875	
0.623325	0.376675	
0.623525	0.376475	
0.623725	0.376275	
0.623925	0.376075	
0.624125	0.375875	
0.624325	0.375675	
0.624525	0.375475	
0.624725	0.375275	
0.624925	0.375075	
0.625125	0.374875	
0.625325	0.374675	
0.625525	0.374475	
0.625725	0.374275	
0.625925	0.374075	
0.626125	0.373875	
0.626325	0.373675	
0.626525	0.373475	
0.626725	0.373275	
0.626925	0.373075	
0.627125	0.372875	
0.627325	0.372675	
0.627526	0.372474	
0.627726	0.372274	
0.627926	0.372074	
0.628126	0.371874	
0.628326	0.371674	
0.628526	0.371474	
0.628726	0.371274	
0.628926	0.371074	
0.629126	0.370874	
0.629326	0.370674	
0.629526	0.370474	
0.629726	0.370274	
0.629926	0.370074	
0.630126	0.369874	
0.630326	0.369674	
0.630526	0.369474	
0.630726	0.369274	
0.630926	0.369074	
0.631126	0.368874	
0.631326	0.368674	
0.631526	0.368474	
0.631726	0.368274	
0.631926	0.368074	
0.632126	0.367874	
0.632326	0.367674	
0.632527	0.367473	
0.632727	0.367273	
0.632927	0.367073	
0.633127	0.366873	
0.633327	0.366673	
0.633527	0.366473	
0.633727	0.366273	
0.633927	0.366073	
0.634127	0.365873	
0.634327	0.365673	
0.634527	0.365473	
0.634727	0.365273	
0.634927	0.365073	
0.635127	0.364873	
0.635327	0.364673	
0.635527	0.364473	
0.635727	0.364273	
0.635927	0.364073	
0.636127	0.363873	
0.636327	0.363673	
0.636527	0.363473	
0.636727	0.363273	
0.636927	0.363073	
0.637127	0.362873	
0.637327	0.362673	
0.637528	0.362472	
0.637728	0.362272	
0.637928	0.362072	
0.638128	0.361872	
0.638328	0.361672	
0.638528	0.361472	
0.638728	0.361272	
0.638928	0.361072	
0.639128	0.360872	
0.639328	0.360672	
0.639528	0.360472	
0.639728	0.360272	
0.639928	0.360072	
0.640128	0.359872	
0.640328	0.359672	
0.640528	0.359472	
0.640728	0.359272	
0.640928	0.359072	
0.641128	0.358872	
0.641328	0.358672	
0.641528	0.358472	
0.641728	0.358272	
0.641928	0.358072	
0.642128	0.357872	
0.642328	0.357672	
0.642529	0.357471	
0.642729	0.357271	
0.642929	0.357071	
0.643129	0.356871	
0.643329	0.356671	
0.643529	0.356471	
0.643729	0.356271	
0.643929	0.356071	
0.644129	0.355871	
0.644329	0.355671	
0.644529	0.355471	
0.644729	0.355271	
0.644929	0.355071	
0.645129	0.354871	
0.645329	0.354671	
0.645529	0.354471	
0.645729	0.354271	
0.645929	0.354071	
0.646129	0.353871	
0.646329	0.353671	
0.646529	0.353471	
0.646729	0.353271	
0.646929	0.353071	
0.647129	0.352871	
0.647329	0.352671	
0.64753	0.35247	
0.64773	0.35227	
0.64793	0.35207	
0.64813	0.35187	
0.64833	0.35167	
0.64853	0.35147	
0.64873	0.35127	
0.64893	0.35107	
0.64913	0.35087	
0.64933	0.35067	
0.64953	0.35047	
0.64973	0.35027	
0.64993	0.35007	
0.65013	0.34987	
0.65033	0.34967	
0.65053	0.34947	
0.65073	0.34927	
0.65093	0.34907	
0.65113	0.34887	
0.65133	0.34867	
0.65153	0.34847	
0.65173	0.34827	
0.65193	0.34807	
0.65213	0.34787	
0.65233	0.34767	
0.652531	0.347469	
0.652731	0.347269	
0.652931	0.347069	
0.653131	0.346869	
0.653331	0.346669	
0.653531	0.346469	
0.653731	0.346269	
0.653931	0.346069	
0.654131	0.345869	
0.654331	0.345669	
0.654531	0.345469	
0.654731	0.345269	
0.654931	0.345069	
0.655131	0.344869	
0.655331	0.344669	
0.655531	0.344469	
0.655731	0.344269	
0.655931	0.344069	
0.656131	0.343869	
0.656331	0.343669	
0.656531	0.343469	
0.656731	0.343269	
0.656931	0.343069	
0.657131	0.342869	
0.657331	0.342669	
0.657532	0.342468	
0.657732	0.342268	
0.657932	0.342068	
0.658132	0.341868	
0.658332	0.341668	
0.658532	0.341468	
0.658732	0.341268	
0.658932	0.341068	
0.659132	0.340868	
0.659332	0.340668	
0.659532	0.340468	
0.659732	0.340268	
0.659932	0.340068	
0.660132	0.339868	
0.660332	0.339668	
0.660532	0.339468	
0.660732	0.339268	
0.660932	0.339068	
0.661132	0.338868	
0.661332	0.338668	
0.661532	0.338468	
0.661732	0.338268	
0.661932	0.338068	
0.662132	0.337868	
0.662332	0.337668	
0.662533	0.337467	
0.662733	0.337267	
0.662933	0.337067	
0.663133	0.336867	
0.663333	0.336667	
0.663533	0.336467	
0.663733	0.336267	
0.663933	0.336067	
0.664133	0.335867	
0.664333	0.335667	
0.664533	0.335467	
0.664733	0.335267	
0.664933	0.335067	
0.665133	0.334867	
0.665333	0.334667	
0.665533	0.334467	
0.665733	0.334267	
0.665933	0.334067	
0.666133	0.333867	
0.666333	0.333667	
0.666533	0.333467	
0.666733	0.333267	
0.666933	0.333067	
0.667133	0.332867	
0.667333	0.332667	
0.667534	0.332466	
0.667734	0.332266	
0.667934	0.332066	
0.668134	0.331866	
0.668334	0.331666	
0.668534	0.331466	
0.668734	0.331266	
0.668934	0.331066	
0.669134	0.330866	
0.669334	0.330666	
0.669534	0.330466	
0.669734	0.330266	
0.669934	0.330066	
0.670134	0.329866	
0.670334	0.329666	
0.670534	0.329466	
0.670734	0.329266	
0.670934	0.329066	
0.671134	0.328866	
0.671334	0.328666	
0.671534	0.328466	
0.671734	0.328266	
0.671934	0.328066	
0.672134	0.327866	
0.672334	0.327666	
0.672535	0.327465	
0.672735	0.327265	
0.672935	0.327065	
0.673135	0.326865	
0.673335	0.326665	
0.673535	0.326465	
0.673735	0.326265	
0.673935	0.326065	
0.674135	0.325865	
0.674335	0.325665	
0.674535	0.325465	
0.674735	0.325265	
0.674935	0.325065	
0.675135	0.324865	
0.675335	0.324665	
0.675535	0.324465	
0.675735	0.324265	
0.675935	0.324065	
0.676135	0.323865	
0.676335	0.323665	
0.676535	0.323465	
0.676735	0.323265	
0.676935	0.323065	
0.677135	0.322865	
0.677335	0.322665	
0.677536	0.322464	
0.677736	0.322264	
0.677936	0.322064	
0.678136	0.321864	
0.678336	0.321664	
0.678536	0.321464	
0.678736	0.321264	
0.678936	0.321064	
0.679136	0.320864	
0.679336	0.320664	
0.679536	0.320464	
0.679736	0.320264	
0.679936	0.320064	
0.680136	0.319864	
0.680336	0.319664	
0.680536	0.319464	
0.680736	0.319264	
0.680936	0.319064	
0.681136	0.318864	
0.681336	0.318664	
0.681536	0.318464	
0.681736	0.318264	
0.681936	0.318064	
0.682136	0.317864	
0.682336	0.317664	
0.682537	0.317463	
0.682737	0.317263	
0.682937	0.317063	
0.683137	0.316863	
0.683337	0.316663	
0.683537	0.316463	
0.683737	0.316263	
0.683937	0.316063	
0.684137	0.315863	
0.684337	0.315663	
0.684537	0.315463	
0.684737	0.315263	
0.684937	0.315063	
0.685137	0.314863	
0.685337	0.314663	
0.685537	0.314463	
0.685737	0.314263	
0.685937	0.314063	
0.686137	0.313863	
0.686337	0.313663	
0.686537	0.313463	
0.686737	0.313263	
0.686937	0.313063	
0.687137	0.312863	
0.687337	0.312663	
0.687538	0.312462	
0.687738	0.312262	
0.687938	0.312062	
0.688138	0.311862	
0.688338	0.311662	
0.688538	0.311462	
0.688738	0.311262	
0.688938	0.311062	
0.689138	0.310862	
0.689338	0.310662	
0.689538	0.310462	
0.689738	0.310262	
0.689938	0.310062	
0.690138	0.309862	
0.690338	0.309662	
0.690538	0.309462	
0.690738	0.309262	
0.690938	0.309062	
0.691138	0.308862	
0.691338	0.308662	
0.691538	0.308462	
0.691738	0.308262	
0.691938	0.308062	
0.692138	0.307862	
0.692338	0.307662	
0.692539	0.307461	
0.692739	0.307261	
0.692939	0.307061	
0.693139	0.306861	
0.693339	0.306661	
0.693539	0.306461	
0.693739	0.306261	
0.693939	0.306061	
0.694139	0.305861	
0.694339	0.305661	
0.694539	0.305461	
0.694739	0.305261	
0.694939	0.305061	
0.695139	0.304861	
0.695339	0.304661	
0.695539	0.304461	
0.695739	0.304261	
0.695939	0.304061	
0.696139	0.303861	
0.696339	0.303661	
0.696539	0.303461	
0.696739	0.303261	
0.696939	0.303061	
0.697139	0.302861	
0.697339	0.302661	
0.69754	0.30246	
0.69774	0.30226	
0.69794	0.30206	
0.69814	0.30186	
0.69834	0.30166	
0.69854	0.30146	
0.69874	0.30126	
0.69894	0.30106	
0.69914	0.30086	
0.69934	0.30066	
0.69954	0.30046	
0.69974	0.30026	
0.69994	0.30006	
0.70014	0.29986	
0.70034	0.29966	
0.70054	0.29946	
0.70074	0.29926	
0.70094	0.29906	
0.70114	0.29886	
0.70134	0.29866	
0.70154	0.29846	
0.70174	0.29826	
0.70194	0.29806	
0.70214	0.29786	
0.70234	0.29766	
0.702541	0.297459	
0.702741	0.297259	
0.702941	0.297059	
0.703141	0.296859	
0.703341	0.296659	
0.703541	0.296459	
0.703741	0.296259	
0.703941	0.296059	
0.704141	0.295859	
0.704341	0.295659	
0.704541	0.295459	
0.704741	0.295259	
0.704941	0.295059	
0.705141	0.294859	
0.705341	0.294659	
0.705541	0.294459	
0.705741	0.294259	
0.705941	0.294059	
0.706141	0.293859	
0.706341	0.293659	
0.706541	0.293459	
0.706741	0.293259	
0.706941	0.293059	
0.707141	0.292859	
0.707341	0.292659	
0.707542	0.292458	
0.707742	0.292258	
0.707942	0.292058	
0.708142	0.291858	
0.708342	0.291658	
0.708542	0.291458	
0.708742	0.291258	
0.708942	0.291058	
0.709142	0.290858	
0.709342	0.290658	
0.709542	0.290458	
0.709742	0.290258	
0.709942	0.290058	
0.710142	0.289858	
0.710342	0.289658	
0.710542	0.289458	
0.710742	0.289258	
0.710942	0.289058	
0.711142	0.288858	
0.711342	0.288658	
0.711542	0.288458	
0.711742	0.288258	
0.711942	0.288058	
0.712142	0.287858	
0.712342	0.287658	
0.712543	0.287457	
0.712743	0.287257	
0.712943	0.287057	
0.713143	0.286857	
0.713343	0.286657	
0.713543	0.286457	
0.713743	0.286257	
0.713943	0.286057	
0.714143	0.285857	
0.714343	0.285657	
0.714543	0.285457	
0.714743	0.285257	
0.714943	0.285057	
0.715143	0.284857	
0.715343	0.284657	
0.715543	0.284457	
0.715743	0.284257	
0.715943	0.284057	
0.716143	0.283857	
0.716343	0.283657	
0.716543	0.283457	
0.716743	0.283257	
0.716943	0.283057	
0.717143	0.282857	
0.717343	0.282657	
0.717544	0.282456	
0.717744	0.282256	
0.717944	0.282056	
0.718144	0.281856	
0.718344	0.281656	
0.718544	0.281456	
0.718744	0.281256	
0.718944	0.281056	
0.719144	0.280856	
0.719344	0.280656	
0.719544	0.280456	
0.719744	0.280256	
0.719944	0.280056	
0.720144	0.279856	
0.720344	0.279656	
0.720544	0.279456	
0.720744	0.279256	
0.720944	0.279056	
0.721144	0.278856	
0.721344	0.278656	
0.721544	0.278456	
0.721744	0.278256	
0.721944	0.278056	
0.722144	0.277856	
0.722344	0.277656	
0.722545	0.277455	
0.722745	0.277255	
0.722945	0.277055	
0.723145	0.276855	
0.723345	0.276655	
0.723545	0.276455	
0.723745	0.276255	
0.723945	0.276055	
0.724145	0.275855	
0.724345	0.275655	
0.724545	0.275455	
0.724745	0.275255	
0.724945	0.275055	
0.725145	0.274855	
0.725345	0.274655	
0.725545	0.274455	
0.725745	0.274255	
0.725945	0.274055	
0.726145	0.273855	
0.726345	0.273655	
0.726545	0.273455	
0.726745	0.273255	
0.726945	0.273055	
0.727145	0.272855	
0.727345	0.272655	
0.727546	0.272454	
0.727746	0.272254	
0.727946	0.272054	
0.728146	0.271854	
0.728346	0.271654	
0.728546	0.271454	
0.728746	0.271254	
0.728946	0.271054	
0.729146	0.270854	
0.729346	0.270654	
0.729546	0.270454	
0.729746	0.270254	
0.729946	0.270054	
0.730146	0.269854	
0.730346	0.269654	
0.730546	0.269454	
0.730746	0.269254	
0.730946	0.269054	
0.731146	0.268854	
0.731346	0.268654	
0.731546	0.268454	
0.731746	0.268254	
0.731946	0.268054	
0.732146	0.267854	
0.732346	0.267654	
0.732547	0.267453	
0.732747	0.267253	
0.732947	0.267053	
0.733147	0.266853	
0.733347	0.266653	
0.733547	0.266453	
0.733747	0.266253	
0.733947	0.266053	
0.734147	0.265853	
0.734347	0.265653	
0.734547	0.265453	
0.734747	0.265253	
0.734947	0.265053	
0.735147	0.264853	
0.735347	0.264653	
0.735547	0.264453	
0.735747	0.264253	
0.735947	0.264053	
0.736147	0.263853	
0.736347	0.263653	
0.736547	0.263453	
0.736747	0.263253	
0.736947	0.263053	
0.737147	0.262853	
0.737347	0.262653	
0.737548	0.262452	
0.737748	0.262252	
0.737948	0.262052	
0.738148	0.261852	
0.738348	0.261652	
0.738548	0.261452	
0.738748	0.261252	
0.738948	0.261052	
0.739148	0.260852	
0.739348	0.260652	
0.739548	0.260452	
0.739748	0.260252	
0.739948	0.260052	
0.740148	0.259852	
0.740348	0.259652	
0.740548	0.259452	
0.740748	0.259252	
0.740948	0.259052	
0.741148	0.258852	
0.741348	0.258652	
0.741548	0.258452	
0.741748	0.258252	
0.741948	0.258052	
0.742148	0.257852	
0.742348	0.257652	
0.742549	0.257451	
0.742749	0.257251	
0.742949	0.257051	
0.743149	0.256851	
0.743349	0.256651	
0.743549	0.256451	
0.743749	0.256251	
0.743949	0.256051	
0.744149	0.255851	
0.744349	0.255651	
0.744549	0.255451	
0.744749	0.255251	
0.744949	0.255051	
0.745149	0.254851	
0.745349	0.254651	
0.745549	0.254451	
0.745749	0.254251	
0.745949	0.254051	
0.746149	0.253851	
0.746349	0.253651	
0.746549	0.253451	
0.746749	0.253251	
0.746949	0.253051	
0.747149	0.252851	
0.747349	0.252651	
0.74755	0.25245	
0.74775	0.25225	
0.74795	0.25205	
0.74815	0.25185	
0.74835	0.25165	
0.74855	0.25145	
0.74875	0.25125	
0.74895	0.25105	
0.74915	0.25085	
0.74935	0.25065	
0.74955	0.25045	
0.74975	0.25025	
0.74995	0.25005	
0.75015	0.24985	
0.75035	0.24965	
0.75055	0.24945	
0.75075	0.24925	
0.75095	0.24905	
0.75115	0.24885	
0.75135	0.24865	
0.75155	0.24845	
0.75175	0.24825	
0.75195	0.24805	
0.75215	0.24785	
0.75235	0.24765	
0.752551	0.247449	
0.752751	0.247249	
0.752951	0.247049	
0.753151	0.246849	
0.753351	0.246649	
0.753551	0.246449	
0.753751	0.246249	
0.753951	0.246049	
0.754151	0.245849	
0.754351	0.245649	
0.754551	0.245449	
0.754751	0.245249	
0.754951	0.245049	
0.755151	0.244849	
0.755351	0.244649	
0.755551	0.244449	
0.755751	0.244249	
0.755951	0.244049	
0.756151	0.243849	
0.756351	0.243649	
0.756551	0.243449	
0.756751	0.243249	
0.756951	0.243049	
0.757151	0.242849	
0.757351	0.242649	
0.757552	0.242448	
0.757752	0.242248	
0.757952	0.242048	
0.758152	0.241848	
0.758352	0.241648	
0.758552	0.241448	
0.758752	0.241248	
0.758952	0.241048	
0.759152	0.240848	
0.759352	0.240648	
0.759552	0.240448	
0.759752	0.240248	
0.759952	0.240048	
0.760152	0.239848	
0.760352	0.239648	
0.760552	0.239448	
0.760752	0.239248	
0.760952	0.239048	
0.761152	0.238848	
0.761352	0.238648	
0.761552	0.238448	
0.761752	0.238248	
0.761952	0.238048	
0.762152	0.237848	
0.762352	0.237648	
0.762553	0.237447	
0.762753	0.237247	
0.762953	0.237047	
0.763153	0.236847	
0.763353	0.236647	
0.763553	0.236447	
0.763753	0.236247	
0.763953	0.236047	
0.764153	0.235847	
0.764353	0.235647	
0.764553	0.235447	
0.764753	0.235247	
0.764953	0.235047	
0.765153	0.234847	
0.765353	0.234647	
0.765553	0.234447	
0.765753	0.234247	
0.765953	0.234047	
0.766153	0.233847	
0.766353	0.233647	
0.766553	0.233447	
0.766753	0.233247	
0.766953	0.233047	
0.767153	0.232847	
0.767353	0.232647	
0.767554	0.232446	
0.767754	0.232246	
0.767954	0.232046	
0.768154	0.231846	
0.768354	0.231646	
0.768554	0.231446	
0.768754	0.231246	
0.768954	0.231046	
0.769154	0.230846	
0.769354	0.230646	
0.769554	0.230446	
0.769754	0.230246	
0.769954	0.230046	
0.770154	0.229846	
0.770354	0.229646	
0.770554	0.229446	
0.770754	0.229246	
0.770954	0.229046	
0.771154	0.228846	
0.771354	0.228646	
0.771554	0.228446	
0.771754	0.228246	
0.771954	0.228046	
0.772154	0.227846	
0.772354	0.227646	
0.772555	0.227445	
0.772755	0.227245	
0.772955	0.227045	
0.773155	0.226845	
0.773355	0.226645	
0.773555	0.226445	
0.773755	0.226245	
0.773955	0.226045	
0.774155	0.225845	
0.774355	0.225645	
0.774555	0.225445	
0.774755	0.225245	
0.774955	0.225045	
0.775155	0.224845	
0.775355	0.224645	
0.775555	0.224445	
0.775755	0.224245	
0.775955	0.224045	
0.776155	0.223845	
0.776355	0.223645	
0.776555	0.223445	
0.776755	0.223245	
0.776955	0.223045	
0.777155	0.222845	
0.777355	0.222645	
0.777556	0.222444	
0.777756	0.222244	
0.777956	0.222044	
0.778156	0.221844	
0.778356	0.221644	
0.778556	0.221444	
0.778756	0.221244	
0.778956	0.221044	
0.779156	0.220844	
0.779356	0.220644	
0.779556	0.220444	
0.779756	0.220244	
0.779956	0.220044	
0.780156	0.219844	
0.780356	0.219644	
0.780556	0.219444	
0.780756	0.219244	
0.780956	0.219044	
0.781156	0.218844	
0.781356	0.218644	
0.781556	0.218444	
0.781756	0.218244	
0.781956	0.218044	
0.782156	0.217844	
0.782356	0.217644	
0.782557	0.217443	
0.782757	0.217243	
0.782957	0.217043	
0.783157	0.216843	
0.783357	0.216643	
0.783557	0.216443	
0.783757	0.216243	
0.783957	0.216043	
0.784157	0.215843	
0.784357	0.215643	
0.784557	0.215443	
0.784757	0.215243	
0.784957	0.215043	
0.785157	0.214843	
0.785357	0.214643	
0.785557	0.214443	
0.785757	0.214243	
0.785957	0.214043	
0.786157	0.213843	
0.786357	0.213643	
0.786557	0.213443	
0.786757	0.213243	
0.786957	0.213043	
0.787157	0.212843	
0.787357	0.212643	
0.787558	0.212442	
0.787758	0.212242	
0.787958	0.212042	
0.788158	0.211842	
0.788358	0.211642	
0.788558	0.211442	
0.788758	0.211242	
0.788958	0.211042	
0.789158	0.210842	
0.789358	0.210642	
0.789558	0.210442	
0.789758	0.210242	
0.789958	0.210042	
0.790158	0.209842	
0.790358	0.209642	
0.790558	0.209442	
0.790758	0.209242	
0.790958	0.209042	
0.791158	0.208842	
0.791358	0.208642	
0.791558	0.208442	
0.791758	0.208242	
0.791958	0.208042	
0.792158	0.207842	
0.792358	0.207642	
0.792559	0.207441	
0.792759	0.207241	
0.792959	0.207041	
0.793159	0.206841	
0.793359	0.206641	
0.793559	0.206441	
0.793759	0.206241	
0.793959	0.206041	
0.794159	0.205841	
0.794359	0.205641	
0.794559	0.205441	
0.794759	0.205241	
0.794959	0.205041	
0.795159	0.204841	
0.795359	0.204641	
0.795559	0.204441	
0.795759	0.204241	
0.795959	0.204041	
0.796159	0.203841	
0.796359	0.203641	
0.796559	0.203441	
0.796759	0.203241	
0.796959	0.203041	
0.797159	0.202841	
0.797359	0.202641	
0.79756	0.20244	
0.79776	0.20224	
0.79796	0.20204	
0.79816	0.20184	
0.79836	0.20164	
0.79856	0.20144	
0.79876	0.20124	
0.79896	0.20104	
0.79916	0.20084	
0.79936	0.20064	
0.79956	0.20044	
0.79976	0.20024	
0.79996	0.20004	
0.80016	0.19984	
0.80036	0.19964	
0.80056	0.19944	
0.80076	0.19924	
0.80096	0.19904	
0.80116	0.19884	
0.80136	0.19864	
0.80156	0.19844	
0.80176	0.19824	
0.80196	0.19804	
0.80216	0.19784	
0.80236	0.19764	
0.802561	0.197439	
0.802761	0.197239	
0.802961	0.197039	
0.803161	0.196839	
0.803361	0.196639	
0.803561	0.196439	
0.803761	0.196239	
0.803961	0.196039	
0.804161	0.195839	
0.804361	0.195639	
0.804561	0.195439	
0.804761	0.195239	
0.804961	0.195039	
0.805161	0.194839	
0.805361	0.194639	
0.805561	0.194439	
0.805761	0.194239	
0.805961	0.194039	
0.806161	0.193839	
0.806361	0.193639	
0.806561	0.193439	
0.806761	0.193239	
0.806961	0.193039	
0.807161	0.192839	
0.807361	0.192639	
0.807562	0.192438	
0.807762	0.192238	
0.807962	0.192038	
0.808162	0.191838	
0.808362	0.191638	
0.808562	0.191438	
0.808762	0.191238	
0.808962	0.191038	
0.809162	0.190838	
0.809362	0.190638	
0.809562	0.190438	
0.809762	0.190238	
0.809962	0.190038	
0.810162	0.189838	
0.810362	0.189638	
0.810562	0.189438	
0.810762	0.189238	
0.810962	0.189038	
0.811162	0.188838	
0.811362	0.188638	
0.811562	0.188438	
0.811762	0.188238	
0.811962	0.188038	
0.812162	0.187838	
0.812362	0.187638	
0.812563	0.187437	
0.812763	0.187237	
0.812963	0.187037	
0.813163	0.186837	
0.813363	0.186637	
0.813563	0.186437	
0.813763	0.186237	
0.813963	0.186037	
0.814163	0.185837	
0.814363	0.185637	
0.814563	0.185437	
0.814763	0.185237	
0.814963	0.185037	
0.815163	0.184837	
0.815363	0.184637	
0.815563	0.184437	
0.815763	0.184237	
0.815963	0.184037	
0.816163	0.183837	
0.816363	0.183637	
0.816563	0.183437	
0.816763	0.183237	
0.816963	0.183037	
0.817163	0.182837	
0.817363	0.182637	
0.817564	0.182436	
0.817764	0.182236	
0.817964	0.182036	
0.818164	0.181836	
0.818364	0.181636	
0.818564	0.181436	
0.818764	0.181236	
0.818964	0.181036	
0.819164	0.180836	
0.819364	0.180636	
0.819564	0.180436	
0.819764	0.180236	
0.819964	0.180036	
0.820164	0.179836	
0.820364	0.179636	
0.820564	0.179436	
0.820764	0.179236	
0.820964	0.179036	
0.821164	0.178836	
0.821364	0.178636	
0.821564	0.178436	
0.821764	0.178236	
0.821964	0.178036	
0.822164	0.177836	
0.822364	0.177636	
0.822565	0.177435	
0.822765	0.177235	
0.822965	0.177035	
0.823165	0.176835	
0.823365	0.176635	
0.823565	0.176435	
0.823765	0.176235	
0.823965	0.176035	
0.824165	0.175835	
0.824365	0.175635	
0.824565	0.175435	
0.824765	0.175235	
0.824965	0.175035	
0.825165	0.174835	
0.825365	0.174635	
0.825565	0.174435	
0.825765	0.174235	
0.825965	0.174035	
0.826165	0.173835	
0.826365	0.173635	
0.826565	0.173435	
0.826765	0.173235	
0.826965	0.173035	
0.827165	0.172835	
0.827365	0.172635	
0.827566	0.172434	
0.827766	0.172234	
0.827966	0.172034	
0.828166	0.171834	
0.828366	0.171634	
0.828566	0.171434	
0.828766	0.171234	
0.828966	0.171034	
0.829166	0.170834	
0.829366	0.170634	
0.829566	0.170434	
0.829766	0.170234	
0.829966	0.170034	
0.830166	0.169834	
0.830366	0.169634	
0.830566	0.169434	
0.830766	0.169234	
0.830966	0.169034	
0.831166	0.168834	
0.831366	0.168634	
0.831566	0.168434	
0.831766	0.168234	
0.831966	0.168034	
0.832166	0.167834	
0.832366	0.167634	
0.832567	0.167433	
0.832767	0.167233	
0.832967	0.167033	
0.833167	0.166833	
0.833367	0.166633	
0.833567	0.166433	
0.833767	0.166233	
0.833967	0.166033	
0.834167	0.165833	
0.834367	0.165633	
0.834567	0.165433	
0.834767	0.165233	
0.834967	0.165033	
0.835167	0.164833	
0.835367	0.164633	
0.835567	0.164433	
0.835767	0.164233	
0.835967	0.164033	
0.836167	0.163833	
0.836367	0.163633	
0.836567	0.163433	
0.836767	0.163233	
0.836967	0.163033	
0.837167	0.162833	
0.837367	0.162633	
0.837568	0.162432	
0.837768	0.162232	
0.837968	0.162032	
0.838168	0.161832	
0.838368	0.161632	
0.838568	0.161432	
0.838768	0.161232	
0.838968	0.161032	
0.839168	0.160832	
0.839368	0.160632	
0.839568	0.160432	
0.839768	0.160232	
0.839968	0.160032	
0.840168	0.159832	
0.840368	0.159632	
0.840568	0.159432	
0.840768	0.159232	
0.840968	0.159032	
0.841168	0.158832	
0.841368	0.158632	
0.841568	0.158432	
0.841768	0.158232	
0.841968	0.158032	
0.842168	0.157832	
0.842368	0.157632	
0.842569	0.157431	
0.842769	0.157231	
0.842969	0.157031	
0.843169	0.156831	
0.843369	0.156631	
0.843569	0.156431	
0.843769	0.156231	
0.843969	0.156031	
0.844169	0.155831	
0.844369	0.155631	
0.844569	0.155431	
0.844769	0.155231	
0.844969	0.155031	
0.845169	0.154831	
0.845369	0.154631	
0.845569	0.154431	
0.845769	0.154231	
0.845969	0.154031	
0.846169	0.153831	
0.846369	0.153631	
0.846569	0.153431	
0.846769	0.153231	
0.846969	0.153031	
0.847169	0.152831	
0.847369	0.152631	
0.84757	0.15243	
0.84777	0.15223	
0.84797	0.15203	
0.84817	0.15183	
0.84837	0.15163	
0.84857	0.15143	
0.84877	0.15123	
0.84897	0.15103	
0.84917	0.15083	
0.84937	0.15063	
0.84957	0.15043	
0.84977	0.15023	
0.84997	0.15003	
0.85017	0.14983	
0.85037	0.14963	
0.85057	0.14943	
0.85077	0.14923	
0.85097	0.14903	
0.85117	0.14883	
0.85137	0.14863	
0.85157	0.14843	
0.85177	0.14823	
0.85197	0.14803	
0.85217	0.14783	
0.85237	0.14763	
0.852571	0.147429	
0.852771	0.147229	
0.852971	0.147029	
0.853171	0.146829	
0.853371	0.146629	
0.853571	0.146429	
0.853771	0.146229	
0.853971	0.146029	
0.854171	0.145829	
0.854371	0.145629	
0.854571	0.145429	
0.854771	0.145229	
0.854971	0.145029	
0.855171	0.144829	
0.855371	0.144629	
0.855571	0.144429	
0.855771	0.144229	
0.855971	0.144029	
0.856171	0.143829	
0.856371	0.143629	
0.856571	0.143429	
0.856771	0.143229	
0.856971	0.143029	
0.857171	0.142829	
0.857371	0.142629	
0.857572	0.142428	
0.857772	0.142228	
0.857972	0.142028	
0.858172	0.141828	
0.858372	0.141628	
0.858572	0.141428	
0.858772	0.141228	
0.858972	0.141028	
0.859172	0.140828	
0.859372	0.140628	
0.859572	0.140428	
0.859772	0.140228	
0.859972	0.140028	
0.860172	0.139828	
0.860372	0.139628	
0.860572	0.139428	
0.860772	0.139228	
0.860972	0.139028	
0.861172	0.138828	
0.861372	0.138628	
0.861572	0.138428	
0.861772	0.138228	
0.861972	0.138028	
0.862172	0.137828	
0.862372	0.137628	
0.862573	0.137427	
0.862773	0.137227	
0.862973	0.137027	
0.863173	0.136827	
0.863373	0.136627	
0.863573	0.136427	
0.863773	0.136227	
0.863973	0.136027	
0.864173	0.135827	
0.864373	0.135627	
0.864573	0.135427	
0.864773	0.135227	
0.864973	0.135027	
0.865173	0.134827	
0.865373	0.134627	
0.865573	0.134427	
0.865773	0.134227	
0.865973	0.134027	
0.866173	0.133827	
0.866373	0.133627	
0.866573	0.133427	
0.866773	0.133227	
0.866973	0.133027	
0.867173	0.132827	
0.867373	0.132627	
0.867574	0.132426	
0.867774	0.132226	
0.867974	0.132026	
0.868174	0.131826	
0.868374	0.131626	
0.868574	0.131426	
0.868774	0.131226	
0.868974	0.131026	
0.869174	0.130826	
0.869374	0.130626	
0.869574	0.130426	
0.869774	0.130226	
0.869974	0.130026	
0.870174	0.129826	
0.870374	0.129626	
0.870574	0.129426	
0.870774	0.129226	
0.870974	0.129026	
0.871174	0.128826	
0.871374	0.128626	
0.871574	0.128426	
0.871774	0.128226	
0.871974	0.128026	
0.872174	0.127826	
0.872374	0.127626	
0.872575	0.127425	
0.872775	0.127225	
0.872975	0.127025	
0.873175	0.126825	
0.873375	0.126625	
0.873575	0.126425	
0.873775	0.126225	
0.873975	0.126025	
0.874175	0.125825	
0.874375	0.125625	
0.874575	0.125425	
0.874775	0.125225	
0.874975	0.125025	
0.875175	0.124825	
0.875375	0.124625	
0.875575	0.124425	
0.875775	0.124225	
0.875975	0.124025	
0.876175	0.123825	
0.876375	0.123625	
0.876575	0.123425	
0.876775	0.123225	
0.876975	0.123025	
0.877175	0.122825	
0.877375	0.122625	
0.877576	0.122424	
0.877776	0.122224	
0.877976	0.122024	
0.878176	0.121824	
0.878376	0.121624	
0.878576	0.121424	
0.878776	0.121224	
0.878976	0.121024	
0.879176	0.120824	
0.879376	0.120624	
0.879576	0.120424	
0.879776	0.120224	
0.879976	0.120024	
0.880176	0.119824	
0.880376	0.119624	
0.880576	0.119424	
0.880776	0.119224	
0.880976	0.119024	
0.881176	0.118824	
0.881376	0.118624	
0.881576	0.118424	
0.881776	0.118224	
0.881976	0.118024	
0.882176	0.117824	
0.882376	0.117624	
0.882577	0.117423	
0.882777	0.117223	
0.882977	0.117023	
0.883177	0.116823	
0.883377	0.116623	
0.883577	0.116423	
0.883777	0.116223	
0.883977	0.116023	
0.884177	0.115823	
0.884377	0.115623	
0.884577	0.115423	
0.884777	0.115223	
0.884977	0.115023	
0.885177	0.114823	
0.885377	0.114623	
0.885577	0.114423	
0.885777	0.114223	
0.885977	0.114023	
0.886177	0.113823	
0.886377	0.113623	
0.886577	0.113423	
0.886777	0.113223	
0.886977	0.113023	
0.887177	0.112823	
0.887377	0.112623	
0.887578	0.112422	
0.887778	0.112222	
0.887978	0.112022	
0.888178	0.111822	
0.888378	0.111622	
0.888578	0.111422	
0.888778	0.111222	
0.888978	0.111022	
0.889178	0.110822	
0.889378	0.110622	
0.889578	0.110422	
0.889778	0.110222	
0.889978	0.110022	
0.890178	0.109822	
0.890378	0.109622	
0.890578	0.109422	
0.890778	0.109222	
0.890978	0.109022	
0.891178	0.108822	
0.891378	0.108622	
0.891578	0.108422	
0.891778	0.108222	
0.891978	0.108022	
0.892178	0.107822	
0.892378	0.107622	
0.892579	0.107421	
0.892779	0.107221	
0.892979	0.107021	
0.893179	0.106821	
0.893379	0.106621	
0.893579	0.106421	
0.893779	0.106221	
0.893979	0.106021	
0.894179	0.105821	
0.894379	0.105621	
0.894579	0.105421	
0.894779	0.105221	
0.894979	0.105021	
0.895179	0.104821	
0.895379	0.104621	
0.895579	0.104421	
0.895779	0.104221	
0.895979	0.104021	
0.896179	0.103821	
0.896379	0.103621	
0.896579	0.103421	
0.896779	0.103221	
0.896979	0.103021	
0.897179	0.102821	
0.897379	0.102621	
0.89758	0.10242	
0.89778	0.10222	
0.89798	0.10202	
0.89818	0.10182	
0.89838	0.10162	
0.89858	0.10142	
0.89878	0.10122	
0.89898	0.10102	
0.89918	0.10082	
0.89938	0.10062	
0.89958	0.10042	
0.89978	0.10022	
0.89998	0.10002	
0.90018	0.09982	
0.90038	0.0996199	
0.90058	0.0994199	
0.90078	0.0992198	
0.90098	0.0990198	
0.90118	0.0988198	
0.90138	0.0986197	
0.90158	0.0984197	
0.90178	0.0982196	
0.90198	0.0980196	
0.90218	0.0978196	
0.90238	0.0976195	
0.902581	0.0974195	
0.902781	0.0972194	
0.902981	0.0970194	
0.903181	0.0968194	
0.903381	0.0966193	
0.903581	0.0964193	
0.903781	0.0962192	
0.903981	0.0960192	
0.904181	0.0958192	
0.904381	0.0956191	
0.904581	0.0954191	
0.904781	0.095219	
0.904981	0.095019	
0.905181	0.094819	
0.905381	0.0946189	
0.905581	0.0944189	
0.905781	0.0942188	
0.905981	0.0940188	
0.906181	0.0938188	
0.906381	0.0936187	
0.906581	0.0934187	
0.906781	0.0932186	
0.906981	0.0930186	
0.907181	0.0928186	
0.907381	0.0926185	
0.907582	0.0924185	
0.907782	0.0922184	
0.907982	0.0920184	
0.908182	0.0918184	
0.908382	0.0916183	
0.908582	0.0914183	
0.908782	0.0912182	
0.908982	0.0910182	
0.909182	0.0908182	
0.909382	0.0906181	
0.909582	0.0904181	
0.909782	0.090218	
0.909982	0.090018	
0.910182	0.089818	
0.910382	0.0896179	
0.910582	0.0894179	
0.910782	0.0892178	
0.910982	0.0890178	
0.911182	0.0888178	
0.911382	0.0886177	
0.911582	0.0884177	
0.911782	0.0882176	
0.911982	0.0880176	
0.912182	0.0878176	
0.912382	0.0876175	
0.912583	0.0874175	
0.912783	0.0872174	
0.912983	0.0870174	
0.913183	0.0868174	
0.913383	0.0866173	
0.913583	0.0864173	
0.913783	0.0862172	
0.913983	0.0860172	
0.914183	0.0858172	
0.914383	0.0856171	
0.914583	0.0854171	
0.914783	0.085217	
0.914983	0.085017	
0.915183	0.084817	
0.915383	0.0846169	
0.915583	0.0844169	
0.915783	0.0842168	
0.915983	0.0840168	
0.916183	0.0838168	
0.916383	0.0836167	
0.916583	0.0834167	
0.916783	0.0832166	
0.916983	0.0830166	
0.917183	0.0828166	
0.917383	0.0826165	
0.917584	0.0824165	
0.917784	0.0822164	
0.917984	0.0820164	
0.918184	0.0818164	
0.918384	0.0816163	
0.918584	0.0814163	
0.918784	0.0812162	
0.918984	0.0810162	
0.919184	0.0808162	
0.919384	0.0806161	
0.919584	0.0804161	
0.919784	0.080216	
0.919984	0.080016	
0.920184	0.079816	
0.920384	0.0796159	
0.920584	0.0794159	
0.920784	0.0792158	
0.920984	0.0790158	
0.921184	0.0788158	
0.921384	0.0786157	
0.921584	0.0784157	
0.921784	0.0782156	
0.921984	0.0780156	
0.922184	0.0778156	
0.922384	0.0776155	
0.922585	0.0774155	
0.922785	0.0772154	
0.922985	0.0770154	
0.923185	0.0768154	
0.923385	0.0766153	
0.923585	0.0764153	
0.923785	0.0762152	
0.923985	0.0760152	
0.924185	0.0758152	
0.924385	0.0756151	
0.924585	0.0754151	
0.924785	0.075215	
0.924985	0.075015	
0.925185	0.074815	
0.925385	0.0746149	
0.925585	0.0744149	
0.925785	0.0742148	
0.925985	0.0740148	
0.926185	0.0738148	
0.926385	0.0736147	
0.926585	0.0734147	
0.926785	0.0732146	
0.926985	0.0730146	
0.927185	0.0728146	
0.927385	0.0726145	
0.927586	0.0724145	
0.927786	0.0722144	
0.927986	0.0720144	
0.928186	0.0718144	
0.928386	0.0716143	
0.928586	0.0714143	
0.928786	0.0712142	
0.928986	0.0710142	
0.929186	0.0708142	
0.929386	0.0706141	
0.929586	0.0704141	
0.929786	0.070214	
0.929986	0.070014	
0.930186	0.069814	
0.930386	0.0696139	
0.930586	0.0694139	
0.930786	0.0692138	
0.930986	0.0690138	
0.931186	0.0688138	
0.931386	0.0686137	
0.931586	0.0684137	
0.931786	0.0682136	
0.931986	0.0680136	
0.932186	0.0678136	
0.932386	0.0676135	
0.932587	0.0674135	
0.932787	0.0672134	
0.932987	0.0670134	
0.933187	0.0668134	
0.933387	0.0666133	
0.933587	0.0664133	
0.933787	0.0662132	
0.933987	0.0660132	
0.934187	0.0658132	
0.934387	0.0656131	
0.934587	0.0654131	
0.934787	0.065213	
0.934987	0.065013	
0.935187	0.064813	
0.935387	0.0646129	
0.935587	0.0644129	
0.935787	0.0642128	
0.935987	0.0640128	
0.936187	0.0638128	
0.936387	0.0636127	
0.936587	0.0634127	
0.936787	0.0632126	
0.936987	0.0630126	
0.937187	0.0628126	
0.937387	0.0626125	
0.937588	0.0624125	
0.937788	0.0622124	
0.937988	0.0620124	
0.938188	0.0618124	
0.938388	0.0616123	
0.938588	0.0614123	
0.938788	0.0612122	
0.938988	0.0610122	
0.939188	0.0608122	
0.939388	0.0606121	
0.939588	0.0604121	
0.939788	0.060212	
0.939988	0.060012	
0.940188	0.059812	
0.940388	0.0596119	
0.940588	0.0594119	
0.940788	0.0592118	
0.940988	0.0590118	
0.941188	0.0588118	
0.941388	0.0586117	
0.941588	0.0584117	
0.941788	0.0582116	
0.941988	0.0580116	
0.942188	0.0578116	
0.942388	0.0576115	
0.942589	0.0574115	
0.942789	0.0572114	
0.942989	0.0570114	
0.943189	0.0568114	
0.943389	0.0566113	
0.943589	0.0564113	
0.943789	0.0562112	
0.943989	0.0560112	
0.944189	0.0558112	
0.944389	0.0556111	
0.944589	0.0554111	
0.944789	0.055211	
0.944989	0.055011	
0.945189	0.054811	
0.945389	0.0546109	
0.945589	0.0544109	
0.945789	0.0542108	
0.945989	0.0540108	
0.946189	0.0538108	
0.946389	0.0536107	
0.946589	0.0534107	
0.946789	0.0532106	
0.946989	0.0530106	
0.947189	0.0528106	
0.947389	0.0526105	
0.94759	0.0524105	
0.94779	0.0522104	
0.94799	0.0520104	
0.94819	0.0518104	
0.94839	0.0516103	
0.94859	0.0514103	
0.94879	0.0512102	
0.94899	0.0510102	
0.94919	0.0508102	
0.94939	0.0506101	
0.94959	0.0504101	
0.94979	0.05021	
0.94999	0.05001	
0.95019	0.04981	
0.95039	0.0496099	
0.95059	0.0494099	
0.95079	0.0492098	
0.95099	0.0490098	
0.95119	0.0488098	
0.95139	0.0486097	
0.95159	0.0484097	
0.95179	0.0482096	
0.95199	0.0480096	
0.95219	0.0478096	
0.95239	0.0476095	
0.952591	0.0474095	
0.952791	0.0472094	
0.952991	0.0470094	
0.953191	0.0468094	
0.953391	0.0466093	
0.953591	0.0464093	
0.953791	0.0462092	
0.953991	0.0460092	
0.954191	0.0458092	
0.954391	0.0456091	
0.954591	0.0454091	
0.954791	0.045209	
0.954991	0.045009	
0.955191	0.044809	
0.955391	0.0446089	
0.955591	0.0444089	
0.955791	0.0442088	
0.955991	0.0440088	
0.956191	0.0438088	
0.956391	0.0436087	
0.956591	0.0434087	
0.956791	0.0432086	
0.956991	0.0430086	
0.957191	0.0428086	
0.957391	0.0426085	
0.957592	0.0424085	
0.957792	0.0422084	
0.957992	0.0420084	
0.958192	0.0418084	
0.958392	0.0416083	
0.958592	0.0414083	
0.958792	0.0412082	
0.958992	0.0410082	
0.959192	0.0408082	
0.959392	0.0406081	
0.959592	0.0404081	
0.959792	0.040208	
0.959992	0.040008	
0.960192	0.039808	
0.960392	0.0396079	
0.960592	0.0394079	
0.960792	0.0392078	
0.960992	0.0390078	
0.961192	0.0388078	
0.961392	0.0386077	
0.961592	0.0384077	
0.961792	0.0382076	
0.961992	0.0380076	
0.962192	0.0378076	
0.962392	0.0376075	
0.962593	0.0374075	
0.962793	0.0372074	
0.962993	0.0370074	
0.963193	0.0368074	
0.963393	0.0366073	
0.963593	0.0364073	
0.963793	0.0362072	
0.963993	0.0360072	
0.964193	0.0358072	
0.964393	0.0356071	
0.964593	0.0354071	
0.964793	0.035207	
0.964993	0.035007	
0.965193	0.034807	
0.965393	0.0346069	
0.965593	0.0344069	
0.965793	0.0342068	
0.965993	0.0340068	
0.966193	0.0338068	
0.966393	0.0336067	
0.966593	0.0334067	
0.966793	0.0332066	
0.966993	0.0330066	
0.967193	0.0328066	
0.967393	0.0326065	
0.967594	0.0324065	
0.967794	0.0322064	
0.967994	0.0320064	
0.968194	0.0318064	
0.968394	0.0316063	
0.968594	0.0314063	
0.968794	0.0312062	
0.968994	0.0310062	
0.969194	0.0308062	
0.969394	0.0306061	
0.969594	0.0304061	
0.969794	0.030206	
0.969994	0.030006	
0.970194	0.029806	
0.970394	0.0296059	
0.970594	0.0294059	
0.970794	0.0292058	
0.970994	0.0290058	
0.971194	0.0288058	
0.971394	0.0286057	
0.971594	0.0284057	
0.971794	0.0282056	
0.971994	0.0280056	
0.972194	0.0278056	
0.972394	0.0276055	
0.972595	0.0274055	
0.972795	0.0272054	
0.972995	0.0270054	
0.973195	0.0268054	
0.973395	0.0266053	
0.973595	0.0264053	
0.973795	0.0262052	
0.973995	0.0260052	
0.974195	0.0258052	
0.974395	0.0256051	
0.974595	0.0254051	
0.974795	0.025205	
0.974995	0.025005	
0.975195	0.024805	
0.975395	0.0246049	
0.975595	0.0244049	
0.975795	0.0242048	
0.975995	0.0240048	
0.976195	0.0238048	
0.976395	0.0236047	
0.976595	0.0234047	
0.976795	0.0232046	
0.976995	0.0230046	
0.977195	0.0228046	
0.977395	0.0226045	
0.977596	0.0224045	
0.977796	0.0222044	
0.977996	0.0220044	
0.978196	0.0218044	
0.978396	0.0216043	
0.978596	0.0214043	
0.978796	0.0212042	
0.978996	0.0210042	
0.979196	0.0208042	
0.979396	0.0206041	
0.979596	0.0204041	
0.979796	0.020204	
0.979996	0.020004	
0.980196	0.019804	
0.980396	0.0196039	
0.980596	0.0194039	
0.980796	0.0192038	
0.980996	0.0190038	
0.981196	0.0188038	
0.981396	0.0186037	
0.981596	0.0184037	
0.981796	0.0182036	
0.981996	0.0180036	
0.982196	0.0178036	
0.982396	0.0176035	
0.982597	0.0174035	
0.982797	0.0172034	
0.982997	0.0170034	
0.983197	0.0168034	
0.983397	0.0166033	
0.983597	0.0164033	
0.983797	0.0162032	
0.983997	0.0160032	
0.984197	0.0158032	
0.984397	0.0156031	
0.984597	0.0154031	
0.984797	0.015203	
0.984997	0.015003	
0.985197	0.014803	
0.985397	0.0146029	
0.985597	0.0144029	
0.985797	0.0142028	
0.985997	0.0140028	
0.986197	0.0138028	
0.986397	0.0136027	
0.986597	0.0134027	
0.986797	0.0132026	
0.986997	0.0130026	
0.987197	0.0128026	
0.987397	0.0126025	
0.987598	0.0124025	
0.987798	0.0122024	
0.987998	0.0120024	
0.988198	0.0118024	
0.988398	0.0116023	
0.988598	0.0114023	
0.988798	0.0112022	
0.988998	0.0110022	
0.989198	0.0108022	
0.989398	0.0106021	
0.989598	0.0104021	
0.989798	0.010202	
0.989998	0.010002	
0.990198	0.00980196	
0.990398	0.00960192	
0.990598	0.00940188	
0.990798	0.00920184	
0.990998	0.0090018	
0.991198	0.00880176	
0.991398	0.00860172	
0.991598	0.00840168	
0.991798	0.00820164	
0.991998	0.0080016	
0.992198	0.00780156	
0.992398	0.00760152	
0.992599	0.00740148	
0.992799	0.00720144	
0.992999	0.0070014	
0.993199	0.00680136	
0.993399	0.00660132	
0.993599	0.00640128	
0.993799	0.00620124	
0.993999	0.0060012	
0.994199	0.00580116	
0.994399	0.00560112	
0.994599	0.00540108	
0.994799	0.00520104	
0.994999	0.005001	
0.995199	0.00480096	
0.995399	0.00460092	
0.995599	0.00440088	
0.995799	0.00420084	
0.995999	0.0040008	
0.996199	0.00380076	
0.996399	0.00360072	
0.996599	0.00340068	
0.996799	0.00320064	
0.996999	0.0030006	
0.997199	0.00280056	
0.997399	0.00260052	
0.9976	0.00240048	
0.9978	0.00220044	
0.998	0.0020004	
0.9982	0.00180036	
0.9984	0.00160032	
0.9986	0.00140028	
0.9988	0.00120024	
0.999	0.0010002	
0.9992	0.00080016	
0.9994	0.00060012	
0.9996	0.00040008	
0.9998	0.00020004	
1	0	
