2.2039199822330136, 7.8127966496500605, 36.65049608593407, 36.33032416122094, 136.6358669113063, 52.02854762366923
3.9255521733288523, 2.3079641082544238, 15.46352604740058, 46.84798679985748, 68.81841687105081, 76.53742609437889
2.071357127577377, 28.909203552247273, 18.10330970565387, 4.001652638839945, 84.94098645782623, 79.2990509424427
0.7730059381898879, 1.8408051002550725, 0.4388749742910895, 12.37642509228719, 11.935883308025689, 181.7314263070912
32.372195736255684, 47.485166366491846, 165.76761904310507, 12.209839832152158, 58.25042894484186, 20.107422438195314
9.630053229715665, 15.542720309230528, 0.17142976221629644, 33.04513090561009, 90.25730188620605, 18.728304789050874
23.83261131543471, 14.751304312128646, 9.386648756569091, 43.943584147167215, 153.1358172536686, 97.79759619758632
5.243648128983573, 1.5593804521565133, 0.8162265517774884, 6.8011163468385165, 20.521471117003593, 98.69075261941926
0.8773352342099792, 2.1067735009914808, 4.989177707001528, 89.49735962508322, 153.8388653942884, 194.98149238316628
1.2888171467365668, 1.1913905148576418, 48.583093445502676, 57.173088942209915, 142.54859931346218, 45.151914560093665
0.06702677700366845, 1.8949162256277752, 2.474441489621933, 17.403437224449057, 52.98364917465251, 246.4681282927906
0.7106042714776365, 5.165516992362544, 67.94688212377174, 62.33448365077322, 32.69251652177974, 81.56058551114418
0.7798095794688377, 0.3202572149206637, 1.644301208920859, 9.682797528748607, 111.9537420096008, 330.65753356939075
5.730853459888119, 1.1993996945658063, 2.7904480646591407, 56.81321996065047, 95.93485775328375, 77.58372402476175
0.3618877680273108, 0.03352025808221477, 0.4969487285764131, 38.31734714412251, 355.44716301812224, 3.72429598084389
0.3962839512367727, 1.374269313237584, 0.21506531524656033, 0.6819804618717186, 5.362183922823743, 306.8036394586754
0.0025821135754196603, 0.39882613011942264, 3.2465400934466864, 72.66163455146147, 176.61937356049293, 63.92761748168252
3.4989956049333863, 0.9619268291340444, 30.233706332254112, 16.560145580707864, 29.59821888754256, 118.00398216727233
1.8591651083232785, 1.4841097265353427, 8.269228971081839, 61.21037542362759, 71.00564771678573, 237.4535510965081
11.467057709922704, 1.6686167623812596, 36.8262869977998, 10.339627728497076, 8.709576342041302, 123.15649187974117
0.005887790100734566, 0.015506014984172539, 0.2863710947557733, 0.518853299981442, 6.133336622435773, 325.08026430293074
3.429336527238563, 5.84702403789591, 18.091362966231635, 28.401966540448072, 177.42910217834992, 21.253651021627835
1.0476705308843794, 0.5684735402486794, 11.137122620665677, 150.54778014397954, 2.051526354198466, 98.54597377160567
0.6473172511383553, 0.39072246815235157, 14.250008398598842, 47.28739757315085, 116.64118577897523, 14.09434611234729
89.39629101887236, 10.651097172809761, 148.97363735512175, 41.141366221006784, 12.710118985686204, 0.6645734481114633
7.374487873554288, 9.598519562915872, 0.6734631170132924, 22.759906466005717, 127.1044183248248, 73.97656138936487
0.8356589661519757, 4.986833786772743, 21.6327438264107, 8.688267138707406, 79.02924624732906, 195.67778068713332
24.688258197861455, 33.65432863889518, 1.869563070802738, 39.260862265680416, 106.9648482591411, 103.23872270354074
22.921249446976443, 29.9670837509782, 11.055287421247169, 83.18918127578984, 31.034376252182383, 7.791947478066695
0.027599337186785842, 0.049260373050347174, 4.636240766081097, 43.16912675378583, 111.56748136931387, 55.05626960008937
0.12353607391516082, 0.13777329356430099, 0.3524306245224276, 0.46640944217424796, 80.42343352693817, 32.6275398446738
45.8972891804104, 8.843873499774734, 10.243005084522284, 4.943627945126883, 14.926175880209861, 211.8519986085997
0.4165581738259336, 3.344013169539942, 4.364713457927323, 18.414634081544804, 39.47245139423557, 381.8395535993522
0.014796453498003166, 0.001802105753044989, 47.35287675008671, 32.242582478335976, 84.87093719761728, 9.01700856670395
0.010546546545543878, 0.2715864590440007, 0.009268931173419087, 1.0288650039028182, 10.199104798846443, 234.836293539665
0.5082410050945108, 0.011491906940075349, 0.41638206983294207, 1.0791238962333742, 74.86973005050295, 202.94022234702052
2.957668300336937, 19.474181177460096, 0.8522671553910321, 13.272169015939237, 25.71622031633991, 102.88997665123438
7.864619855600795, 6.339471355450918, 10.870289698335931, 0.5429150844799583, 26.403334825569296, 234.30065944954575
4.66070299995607, 1.7289353634672668, 19.536413872281788, 39.71136777838749, 23.877189141405896, 85.09893976761926
0.03806554924104253, 0.5196873052085439, 0.46941343234423516, 0.012686291184822921, 0.2263143936170542, 228.1775358586569
5.442138441214458, 7.530355421167269, 5.191510438722727, 0.34569528303369823, 48.57666590676015, 168.29933726930915
0.6300874954139795, 0.22280162404288248, 2.832622522491672, 35.44180447652395, 243.6041481910229, 120.38781430929599
0.049961474642358505, 0.510457325864262, 0.9854926849634359, 32.47935879832978, 144.94050389899914, 175.39898804433986
1.77985236492553, 3.723213445890554, 0.09531712154536628, 151.89927852313372, 22.56790710315063, 168.25935658748628
7.04627962397106, 22.89969479691025, 8.259500351521476, 6.16240804619029, 32.821733805669, 247.10093120201563
0.33015670265835634, 0.8195902313723868, 0.2747964305664098, 21.92376696214312, 105.18273564880074, 168.36308353717658
1.7262250216690171, 0.4402633601509863, 100.1141938005207, 50.903263057388266, 78.43243666809164, 110.3902593150505
0.5051522721095496, 0.2460033995083343, 23.189696363087968, 0.6736947170097055, 164.51820069091363, 18.95472528739394
0.444336475402851, 0.41372399300052426, 2.7224116803312706, 0.7893417881532824, 166.86931152841495, 26.1016536649948
26.878495492378917, 7.985783703848232, 50.52909041964311, 45.07360837479492, 263.7066731577801, 27.872290859073015
3.896052186915378, 0.16184371027209712, 0.6346794693975149, 4.997038525762015, 27.7741732397446, 285.36398825787535
35.45352202884401, 1.1804980309706121, 2.470293481627788, 7.967604052252048, 42.80603633556578, 202.3043022276255
0.1152366704015606, 1.0790563550355594, 1.6996875017603608, 0.6715413704170097, 15.242641551729005, 271.72332388971915
3.038390799139007, 0.612181550448223, 1.8429772765050596, 13.655105947223884, 92.6687350933757, 192.54974753505527
84.86780990352648, 3.9775085830032504, 45.89263263311419, 97.60788520113306, 49.24034522701531, 12.119433608830224
0.8079344051127207, 2.7647986373355486, 119.30853743626493, 95.57150655875841, 52.31822376212995, 40.86115960970834
12.94642102051169, 7.3740137131444445, 4.107597196187246, 191.72940573202584, 22.092779539461038, 13.104726608256945
1.0928650921638858, 6.87673471473563, 1.9227595433159193, 32.7527986703289, 109.50732849990104, 114.29509594080982
2.0472355952953283, 2.362890868731601, 1.3924515387459941, 3.0651380455173265, 44.01002336419439, 296.75326009275057
0.07579855065162869, 0.03825133177504196, 0.059801633207137224, 0.7015379831174378, 74.26381113791352, 234.67838279176402
1.8225219058294972, 0.0369222802194153, 10.971623351180957, 2.6398244154900437, 37.92685363789255, 342.0877597796586
0.9503120111850168, 1.2304380448472503, 2.612350427080727, 9.985136762327533, 58.03678337582, 56.876239807784394
0.15550238491820645, 3.743067054778155, 2.1664351725076827, 2.9768226723367115, 34.53273487281353, 220.6064761515614
8.5286962105879, 29.98260778554437, 32.95004281250625, 43.52382294605345, 9.043688750769576, 155.118281094649
0.6434422147039959, 0.19375849573360862, 10.060969336310594, 62.94873283240975, 65.89527837872086, 1.1836353194654647
2.7379565581382117, 1.506942764699141, 10.492399416660026, 73.2983282991288, 54.11077474403837, 112.7480252287199
0.6158013370336916, 0.04539413823751577, 0.011646947781517281, 0.5688965310791017, 9.128166600289225, 162.64167662114227
1.1124566802921716, 0.11034506383385034, 5.914994809578819, 4.252068969676808, 32.121961189620755, 309.69350769181125
6.167093706215139, 4.993250090511635, 107.59508157919868, 8.80530825288576, 25.993310201108862, 9.757654305338132
50.804062281333024, 10.948989101371037, 27.513954549416475, 32.51627437174984, 76.06488018230873, 41.12498670990377
9.725144664345985, 1.83970328655854, 27.607153700744366, 28.988074359659958, 33.18251034359895, 245.50797589697052
0.23782087513800862, 0.07761202444522718, 10.561418329777931, 30.70490533994687, 104.34602156152889, 259.5880040643511
1.777126902494573, 0.19504090615050637, 0.7037013461005622, 2.8115119154867334, 4.881689559112525, 147.06211796640542
2.7508443303759846, 1.8328659786869166, 8.27638722891848, 3.222534718153672, 11.28798873116167, 291.82751905620546
3.11725489403091, 3.684566674712513, 10.766424710594169, 0.027163134477568615, 2.8288581759578704, 191.74363747720142
2.3436806555920002, 1.8527034613721056, 6.847358472091123, 17.213917072075972, 17.028277373057286, 216.19228045752246
3.256679104504355E-6, 7.410889313383312E-6, 0.0040614631440033, 112.24936992276915, 15.403348962462385, 171.0668638307938
0.6804555100890151, 5.625964201712944, 53.96675567242101, 7.5177004957087705, 2.454627900001601, 65.15988092857098
0.026707277595558215, 0.11820239756133019, 0.714932580509158, 0.15738105499771549, 1.62919243266631, 166.65930468859082
3.403810330122359, 1.0627523399773793, 5.358249431516742, 4.81189376367991, 27.52812863577762, 239.62268891822387
1.8470376579369399, 1.6577972164842976, 6.4482625748192595, 68.12490463886037, 21.931117298211902, 160.52577687226452
0.1853924205651222, 0.7414650074175666, 0.19840198845685056, 63.73508503423566, 109.71483162158037, 258.5856560637336
0.2752276558794647, 0.18767149154298518, 0.6483013242283487, 0.11315784519121845, 34.426584737450014, 151.1184663953739
52.014996704142455, 140.92930979753268, 24.54710848506815, 31.78895598217565, 2.163774231861958, 59.051201844744895
15.324300073489647, 9.750913287516765, 17.700808420455218, 45.5665849099875, 104.66762771346615, 117.52257006179101
0.6602620059002031, 4.240348311768917, 1.7073515231295997, 4.945236146877618, 15.482741116733148, 200.56652278162278
3.405584367347346, 5.0582775772106325, 21.985502701652855, 34.84513285116727, 210.9026876641394, 36.92580198109697
0.005594747578602437, 0.03176854050141761, 0.018015149914094152, 40.389256625402005, 256.051322584959, 8.536104171868505
3.452982300036583, 0.5527186750131515, 2.33105276305501, 13.344047795329539, 109.10902196400855, 110.99416875291149
0.0064328941556103005, 0.08725726461485359, 0.3311432517455811, 0.6902272590028828, 254.28879781020873, 11.116757274281156
0.38378144145666787, 0.8834488023082447, 5.552177057217888, 2.2055518116734962, 7.341920737778846, 137.099849930936
11.981927412019617, 11.772874755762391, 20.379211773319145, 18.927860948232734, 94.05678083634872, 156.17469474576356
0.027849080263957025, 2.0420382572476177, 7.138211679315753, 12.026778004834087, 58.676518817512765, 126.81942891638057
10.70543339091791, 21.178603943040578, 2.739500961217026, 2.1694286159423775, 128.36115912394604, 30.0202061529056
2.337794780684886, 19.28576538240274, 10.834479155042354, 133.1776486153747, 6.314992184506926, 62.888520929796876
5.6766074755223945, 3.981686940253371, 5.496870878730736, 4.418644252143987, 1.0443175437655547, 232.11920631791006
0.1962888693492466, 0.41242763337812993, 2.786777324900765, 0.6175024188008335, 222.49918769121754, 35.09095912235428
13.293154616113208, 9.617313183801539, 94.17991655297499, 20.4461240993377, 2.564970400092433, 97.19766120998472
0.6545949371673885, 0.4781351887217714, 2.6782970591570323, 28.91971655744925, 6.631247187398299, 318.136438665939
63.233905373906346, 34.86611999498616, 51.09053221331952, 7.07140604282179, 15.689453406653803, 97.4952671153504
0.1363910120590566, 1.0172382029077014, 4.904775597788338, 6.441815235896173, 167.65560981555606, 120.65859271338933
8.2381804722668, 6.304599215825893, 150.25376283654646, 90.40184729581962, 55.08814784414131, 81.77018138400956
7.512455941400378, 18.406263560373848, 27.969679709667723, 11.97287839957988, 100.38315135796121, 144.65472521581952
25.582216259265063, 3.837631776780473, 55.666178909814086, 15.275993553790581, 109.63906179390834, 188.31420768581134
2.9591702633266275, 0.2473350812098421, 11.613110315401975, 25.190848424580288, 181.46075289369776, 23.558653449024185
4.784703248668826, 4.703704749588015, 19.860205226010464, 11.503938978760086, 89.1696398166072, 124.38757369794666
6.029269454669681, 7.1346892760689204, 8.133157258182411, 3.2100137288622377, 4.349252498322301, 344.17467474662243
13.961198222692285, 18.466820854054518, 5.212203055300797, 182.96359729429574, 29.483743638165798, 6.685567012394015
0.09600538413712704, 0.23620191921435618, 12.287155032087462, 8.14333698518896, 39.25866405563131, 156.0658094398608
1.2441739941323446, 1.2519146380312922, 42.79619321932979, 144.099469316502, 51.83940023938909, 55.65034501814763
50.693321279006014, 0.08580056596629174, 14.59622586011158, 73.16905474277675, 138.87713981833804, 7.4653100833861155
9.965092038249116, 24.971607697607883, 165.80808850993895, 18.454410584535573, 63.653709007660694, 2.7677431292404666
0.5816873155211495, 0.4388977290912693, 1.0875999322454935, 46.613304027192996, 138.7035276915526, 44.9491405836566
8.530479350235456, 0.8277248378781674, 6.8416670570305955, 94.96818749649557, 84.47337971236517, 8.005665230457328
3.5514547400608087, 2.150393220452196, 2.713143578444163, 0.5482201269084632, 31.13410087807216, 198.87916836043968
2.280813492158634, 0.7568742814307807, 10.516231384157011, 113.25428437344779, 103.05745739361937, 5.116084108269419
5.7155883809499715, 4.700500530517069, 87.09541287095632, 14.064626934353155, 46.31520923729267, 62.195115305350654
0.48228888170686013, 0.014501008503546407, 0.3986084379081294, 5.869105779350243, 92.95610117088587, 72.68950164058678
4.185583030873752, 4.631123601313312, 6.397953929606879, 63.06741435493728, 105.17777612746944, 5.26295197472715
3.072210839521394, 4.248730530386104, 6.487650624966323, 68.61335158400342, 145.4537319300999, 54.01494276721673
41.24321941931131, 5.005541223004672, 59.98018638266538, 170.3093792741553, 11.141520762093899, 70.13298574710925
2.975478951567883, 6.3787312246504015, 9.073562760300062, 7.404988260854206, 82.34146396983813, 177.71842813651259
6.0789418801406425, 23.11367506946403, 8.719121197990882, 4.394185686473951, 180.3737836354645, 177.53349062322565
2.7844128019436227, 8.171705539745021, 14.189748285353325, 71.72950998696368, 9.878599655641205, 131.42286456292916
17.316615577845504, 5.717447121796768, 38.053121472303566, 25.492504998342966, 23.454553125709168, 76.93211468684886
5.598016289097644, 20.445393769604152, 7.886781461428637, 19.68875303259078, 121.15135470195005, 127.22582277272284
1.5516665561567016, 4.723788017079786, 27.196489610499405, 10.118636003310192, 4.20551590852641, 66.51546831351676
1.1882902104503366, 2.768041176288209, 5.187754001105515, 4.549855317607431, 39.83262162994633, 300.9114419081183
0.802825948838281, 0.23625349526639539, 23.80388182923966, 1.0687968077935803, 167.32088229858238, 18.573462458199884
21.35708816744139, 19.259218221424824, 104.35768355913171, 84.02627404712675, 13.863650054177947, 54.967883730948444
0.12936294362005216, 0.051779302087571415, 0.007097160427315915, 2.070925959704282, 6.932490257796548, 345.0940633673696
6.285197667395917, 0.533185447846199, 0.3964812724930491, 21.607452218934462, 15.459867190263859, 159.23604619646633
12.931917719540257, 1.373539825882143, 41.173898621401705, 44.28384592258846, 25.327824480468834, 96.81496895717135
44.04169107299626, 53.00727800014263, 91.14720232391628, 96.15491986157096, 3.8491164204157364, 41.55652283317693
0.21578073335504172, 0.26997821009834544, 0.19279428662336598, 2.6769054941724564, 123.78984154920167, 102.07161276466208
4.579060279271101, 0.8018106374208948, 53.62879317498754, 6.711232610077208, 49.14797783356497, 88.17376772579946
0.008006747508203346, 0.04134517282877053, 0.32235411682506887, 3.3416824038396284, 38.171947317805525, 235.47468234701986
0.19690565726497414, 10.153677594726165, 2.3609062305732875, 15.683116156827325, 53.78120561814109, 153.75707913466215
0.023119629553527723, 0.017424979116272457, 3.912950257421131, 5.329837612970202, 127.15031338283691, 138.4896104506213
40.89336668186391, 47.52781599518132, 0.4038399811040569, 13.91119263344733, 262.3025405566304, 66.75835255310714
5.522006823558915, 0.11577280211264487, 4.599589666427664, 6.782176420386446, 7.41957942933788, 96.50438094393552
28.19024623596321, 5.03217033127685, 59.26962543208714, 10.89957290257929, 51.73184476706173, 156.29509031447674
6.800256090526046, 1.9494050915535683, 1.1159790266648206, 1.4520788712754151, 11.653009208743105, 150.66409700467707
0.6709460779759836, 0.8537359923274042, 7.583539285545424, 28.855549204691457, 38.09447501627564, 192.17571291856254
11.744397181651978, 3.9874265092360157, 8.820060584173575, 4.435664409388985, 4.603123289750226, 150.58403093795255
10.718866541956835, 84.7987000417783, 1.0119911791188425, 36.98671064158891, 123.37934257706925, 63.19074018962411
0.4604159763552966, 0.01353511202821119, 0.6172140217403211, 0.9500776865918105, 23.699954177646543, 237.8411397370628
3.425996728356977, 1.4731515798836052, 0.0011135840944523749, 16.342327571973676, 40.48813335950686, 108.78687774759157
3.672686092641163, 7.363331606014609, 3.715065025943925, 7.756179401426646, 72.874167574829, 228.70148385952962
0.9135654759026043, 0.09374422356503563, 7.7184278829073625, 1.865858391536152, 36.45170752258711, 248.06643501234038
37.64174428541582, 17.723805612653532, 0.6134466185629529, 1.9499807719254019, 200.38319847703966, 48.0905129366238
0.38524613015658377, 0.397097843676648, 0.2792934086324307, 3.2087254835229637, 32.751132003387745, 84.43623632493178
3.1219418055998887, 4.093782182347385, 6.464196441271194, 1.5025534216107135, 63.51022263588999, 83.05566090306559
28.840599716981416, 2.5848506787781242, 47.80758825043421, 88.96658121697662, 7.498598628764221, 9.780202656081407
16.260516045240454, 2.5975661062944466, 4.152136004678518, 74.20551438840751, 56.52775752252752, 68.70230409437984
35.34610967649807, 45.171976772382045, 15.330401291264314, 24.321128369455078, 64.79083569323738, 179.40685669214167
4.460301534131239, 3.749676950355533, 11.522099752724642, 26.29756374425008, 122.19251048452371, 42.6648185040596
0.30217617174611344, 0.483705930162155, 2.0117719589798306, 0.4030705606609432, 8.240298642089055, 137.04507261572473
0.48313694756309045, 4.880931226631254, 0.4014223867334307, 4.915764386530357, 138.04684381756638, 1.8725399249373802
4.935625200089665, 2.310700261669882, 36.744076722372114, 116.77911197148724, 30.821470201064386, 107.77182619642059
1.574818902828725, 8.605955388720776, 4.692664521077427, 42.84026425841787, 175.95809489694835, 22.131353606917845
1.379086818406501, 1.0822764632518882, 0.4850467899265142, 13.269148888794021, 0.985544032956096, 228.3586692916005
1.1464690813895864, 28.450606887748034, 4.938924537091698, 27.639339504801885, 89.84597532670549, 165.2391592644478
1.6023865697769129, 23.716334036063223, 9.758072207760431, 2.089001081726024, 153.70096993517836, 76.99116163162023
9.94377048286493, 3.2123344106282574, 31.72962783558217, 33.30752465650287, 47.50749878412986, 78.31495416488886
11.96622515129845, 21.28413361120113, 11.486497662965446, 4.289199113840912, 8.312839562112194, 210.24789518313673
34.558666443870145, 8.022321348583755, 35.92900486152751, 11.003143685854331, 34.78295446731495, 1.2623196522306397
2.8476235587704632, 1.0077949224409495, 2.6787240144399043, 37.44420305538305, 68.78678790429704, 129.90935015103267
12.9826084543356, 7.666296277370927, 14.203644759977132, 25.04626385354705, 66.3730782334852, 243.1779153879103
5.717595894765928, 2.669104773216959, 10.0328053883837, 33.18744127292537, 53.20638920683006, 122.45801199595644
6.374110342209464, 10.730111859799552, 2.648651897598722, 2.027353195388511, 0.23538546556625714, 294.61576899261854
2.3116132689338644, 0.1672158436121696, 2.2295401615365456, 0.15465017547436985, 2.6972652704271862, 125.5594603451388
7.770945213081247, 1.0000691128759656, 3.9031157584154617, 51.105657174701165, 62.500540900727714, 149.9177621757115
2.232958100390976, 0.32432430164881265, 0.29572017773513176, 29.928521862206797, 7.355300868855606, 220.60050150715747
23.074588716334194, 3.673363259471648, 1.5958781179750672, 32.0240369700658, 20.299461447112918, 314.26930281707143
0.1287193321811971, 1.6283898763040943, 7.861807296617043, 31.84509702301842, 22.993903513026865, 146.2767852538921
16.150800274291797, 42.45504660078748, 81.9957423496009, 9.017007268945834, 64.4024723480607, 23.060378414428225
108.3806578358277, 95.28973316791993, 7.127235075667263, 77.70714413290246, 0.6294306775433419, 20.506932964270465
0.2422458813617087, 0.7699787256823772, 23.67500687828699, 26.88134155868598, 47.68107896475259, 42.41739437545868
88.75522304385905, 0.5467250720488395, 59.7816062220579, 4.695294779526438, 56.23060915883079, 26.18086907675127
3.031998579541263, 0.8537659507126683, 0.69770347299529, 32.58231147322646, 34.899208193755435, 298.86061698187245
48.093961230851924, 36.93457245594015, 24.74855979244854, 28.414684276784303, 124.05413971348747, 18.772973256982333
0.025528262574958098, 0.8007845276101584, 13.657741758731728, 101.90383298976381, 5.606479185025079, 240.91922867226523
5.087852074942157, 0.8669575683017504, 1.4648452029514623, 2.654292804387473, 1.3047635889031837, 283.75690634749617
1.0270127182302928, 4.518239733123516, 12.142969153131718, 227.86589472174552, 55.47811473638159, 1.1776049182884327
0.6539433067426814, 0.644644767026207, 0.5380052386755472, 0.4415246873367347, 92.1008449724586, 137.7015038504135
5.022459545069142, 1.0942366926782927, 125.45738099150195, 7.037975807136294, 107.71471638174847, 106.11732628030299
51.12348535944733, 4.6571597956723005, 77.04750327238773, 22.984750355277864, 206.1193609383049, 12.391470090335861
4.952985408256695, 7.131082360023172, 1.2768622182064628, 92.78195197878806, 21.11923122044276, 223.51854192428667
6.159853827916897, 0.5310721955362816, 9.074963346700088, 31.312827778269973, 14.008503978914531, 271.8637103523331
1.2072967140234048, 0.6688538827964425, 12.42200642593441, 92.66434703460455, 120.67387402223, 94.45329936783081
0.5600891682650253, 0.8080795111656909, 1.6314846173267272, 17.348104841112804, 79.15721952553902, 357.5413974831856
2.0199083805931757, 16.02075108661936, 10.463842699600223, 193.06508264693852, 70.66097568213159, 115.23681006917515
2.9435451920329103, 4.435722521310946, 4.99939105004995, 9.348517067564213, 50.442887762589194, 195.7222007591774
0.0690126128413343, 2.277494088300541, 98.97101288329728, 3.5188342513697983, 138.01243723389996, 110.9220875031985
0.08758525209165814, 0.20638203183587214, 3.916544222921577, 19.513428277062232, 124.78550116063562, 121.76334641237747
0.839725161471522, 0.492730176482218, 3.276570944067621, 10.543450019941572, 114.5578979884327, 33.51593286583071
0.6483214024991327, 1.09860692339756, 17.679893517335564, 166.65738840460435, 27.199754507206187, 67.30633647822441
0.9059756437759111, 3.8660888890948164, 14.81729167839809, 17.029965425661533, 26.488339313753443, 260.4355530812128
28.672339945482662, 1.1448726623910594, 61.42779884760086, 242.06608576287888, 90.11416503175803, 9.805075194026664
