0.000837984	1	
0.000994408	1	
0.000994408	1	
0.000994408	1	
0.000994408	1	
0.000994408	1	
0.000994408	1	
0.000994408	1	
0.00170373	0.999999	
0.00170373	0.999999	
0.00222621	0.999998	
0.00222621	0.999998	
0.00222621	0.999998	
0.00261766	0.999997	
0.00261766	0.999997	
0.00330148	0.999995	
0.00330148	0.999995	
0.00360287	0.999994	
0.00360287	0.999994	
0.00360287	0.999994	
0.00386091	0.999993	
0.00435834	0.999991	
0.00435834	0.999991	
0.00435834	0.999991	
0.00478341	0.999989	
0.00478341	0.999989	
0.00556153	0.999985	
0.00556153	0.999985	
0.00556153	0.999985	
0.00591325	0.999983	
0.00591325	0.999983	
0.00624102	0.999981	
0.00639822	0.99998	
0.00670449	0.999978	
0.00699862	0.999976	
0.00699862	0.999976	
0.00727925	0.999974	
0.00741435	0.999973	
0.00780993	0.99997	
0.00780993	0.99997	
0.00780993	0.99997	
0.0083025	0.999966	
0.00854109	0.999964	
0.0088872	0.999961	
0.0088872	0.999961	
0.0088872	0.999961	
0.00932648	0.999957	
0.00932648	0.999957	
0.00994795	0.999951	
0.00994795	0.999951	
0.0102455	0.999948	
0.0102455	0.999948	
0.0104358	0.999946	
0.0107206	0.999943	
0.0107206	0.999943	
0.0111749	0.999938	
0.0115317	0.999934	
0.0115317	0.999934	
0.0118732	0.99993	
0.0118732	0.99993	
0.0122849	0.999925	
0.0123665	0.999924	
0.0126879	0.99992	
0.0126879	0.99992	
0.0129211	0.999917	
0.0129211	0.999917	
0.013673	0.999907	
0.013673	0.999907	
0.013673	0.999907	
0.0138175	0.999905	
0.0143155	0.999898	
0.0144558	0.999896	
0.0144558	0.999896	
0.0148645	0.99989	
0.0148645	0.99989	
0.0151966	0.999885	
0.0154565	0.999881	
0.0158409	0.999875	
0.0158409	0.999875	
0.016277	0.999868	
0.0164615	0.999865	
0.0164615	0.999865	
0.0164615	0.999865	
0.0169992	0.999856	
0.0169992	0.999856	
0.0173482	0.99985	
0.0175773	0.999846	
0.0175773	0.999846	
0.0179693	0.999839	
0.0181921	0.999835	
0.0181921	0.999835	
0.0183544	0.999832	
0.0191026	0.999818	
0.0191026	0.999818	
0.0191026	0.999818	
0.0194667	0.999811	
0.0194667	0.999811	
0.0194667	0.999811	
0.020069	0.999799	
0.020069	0.999799	
0.0206132	0.999788	
0.0208073	0.999784	
0.0208073	0.999784	
0.0208073	0.999784	
0.0211842	0.999776	
0.0215586	0.999768	
0.0218373	0.999762	
0.0218373	0.999762	
0.0222903	0.999752	
0.0222903	0.999752	
0.0222903	0.999752	
0.0229094	0.999738	
0.0229094	0.999738	
0.0233859	0.999727	
0.0233859	0.999727	
0.0236413	0.999721	
0.0237676	0.999718	
0.0238515	0.999716	
0.0243485	0.999704	
0.0243485	0.999704	
0.0243485	0.999704	
0.0247136	0.999695	
0.0253549	0.999679	
0.0253549	0.999679	
0.0253549	0.999679	
0.0253549	0.999679	
0.0258613	0.999666	
0.0262835	0.999655	
0.0262835	0.999655	
0.0262835	0.999655	
0.0269591	0.999637	
0.0269591	0.999637	
0.0269962	0.999636	
0.0273279	0.999627	
0.0273279	0.999627	
0.0278717	0.999612	
0.0278717	0.999612	
0.0282631	0.999601	
0.0282631	0.999601	
0.0288931	0.999583	
0.0288931	0.999583	
0.0288931	0.999583	
0.0288931	0.999583	
0.0296109	0.999562	
0.0296109	0.999562	
0.0298456	0.999555	
0.0300464	0.999549	
0.0300464	0.999549	
0.0306042	0.999532	
0.0307999	0.999526	
0.0311889	0.999514	
0.0311889	0.999514	
0.0311889	0.999514	
0.0316346	0.9995	
0.031855	0.999493	
0.031855	0.999493	
0.0319486	0.99949	
0.0327203	0.999465	
0.0327203	0.999465	
0.0329346	0.999458	
0.0329346	0.999458	
0.0332661	0.999447	
0.0332661	0.999447	
0.0335044	0.999439	
0.0335934	0.999436	
0.034271	0.999413	
0.0346208	0.999401	
0.0346208	0.999401	
0.0347363	0.999397	
0.0349943	0.999388	
0.0353354	0.999376	
0.0353354	0.999376	
0.0356171	0.999366	
0.0356171	0.999366	
0.0356171	0.999366	
0.0365309	0.999333	
0.0365309	0.999333	
0.036695	0.999327	
0.036695	0.999327	
0.0373423	0.999303	
0.0373423	0.999303	
0.0373423	0.999303	
0.0381374	0.999273	
0.0381374	0.999273	
0.0381374	0.999273	
0.0381374	0.999273	
0.0386048	0.999255	
0.0388112	0.999247	
0.0391449	0.999234	
0.0394254	0.999223	
0.0394254	0.999223	
0.0396783	0.999213	
0.0396783	0.999213	
0.0402276	0.999191	
0.0402276	0.999191	
0.0407212	0.999171	
0.0407212	0.999171	
0.0411614	0.999153	
0.0411614	0.999153	
0.0414272	0.999142	
0.0418115	0.999126	
0.0418115	0.999126	
0.0420023	0.999118	
0.0420023	0.999118	
0.0426156	0.999092	
0.0426156	0.999092	
0.0429886	0.999076	
0.0431971	0.999067	
0.0435894	0.99905	
0.0435894	0.99905	
0.0435894	0.99905	
0.0440682	0.999029	
0.0442944	0.999019	
0.0442944	0.999019	
0.04481	0.998996	
0.04481	0.998996	
0.0452321	0.998977	
0.0452321	0.998977	
0.0453637	0.998971	
0.0458012	0.998951	
0.0459103	0.998946	
0.0464087	0.998923	
0.0465165	0.998918	
0.0465165	0.998918	
0.0468371	0.998903	
0.0468371	0.998903	
0.0475569	0.998869	
0.0475569	0.998869	
0.0475569	0.998869	
0.0479946	0.998848	
0.0479946	0.998848	
0.0484711	0.998825	
0.0484711	0.998825	
0.0490864	0.998795	
0.0490864	0.998795	
0.0494519	0.998777	
0.0494519	0.998777	
0.049593	0.99877	
0.0497738	0.998761	
0.0500733	0.998746	
0.0504316	0.998728	
0.0507871	0.99871	
0.0507871	0.99871	
0.0507871	0.99871	
0.0512174	0.998688	
0.0515673	0.99867	
0.0515673	0.99867	
0.0520101	0.998647	
0.0521253	0.998641	
0.05224	0.998635	
0.05224	0.998635	
0.0529997	0.998595	
0.0531695	0.998586	
0.0531695	0.998586	
0.0531695	0.998586	
0.0536912	0.998558	
0.0536912	0.998558	
0.0542466	0.998528	
0.0542466	0.998528	
0.054687	0.998504	
0.054687	0.998504	
0.0550692	0.998483	
0.0550692	0.998483	
0.0555929	0.998454	
0.0555929	0.998454	
0.0555929	0.998454	
0.0561103	0.998425	
0.0563415	0.998412	
0.0566955	0.998392	
0.0566955	0.998392	
0.0570992	0.998369	
0.0570992	0.998369	
0.0574827	0.998347	
0.0576907	0.998335	
0.0576907	0.998335	
0.058138	0.998309	
0.0582751	0.998301	
0.0587872	0.998271	
0.0587872	0.998271	
0.0588888	0.998265	
0.0591421	0.99825	
0.0595297	0.998227	
0.0598146	0.99821	
0.0598146	0.99821	
0.0598146	0.99821	
0.0603454	0.998178	
0.0603454	0.998178	
0.0609386	0.998142	
0.0609386	0.998142	
0.0609386	0.998142	
0.0615903	0.998102	
0.0615903	0.998102	
0.061913	0.998082	
0.0622348	0.998062	
0.0625711	0.998041	
0.0626349	0.998037	
0.0626349	0.998037	
0.0630316	0.998012	
0.0630316	0.998012	
0.0633467	0.997992	
0.0639429	0.997954	
0.0639429	0.997954	
0.0639429	0.997954	
0.0643309	0.997929	
0.0649961	0.997886	
0.0649961	0.997886	
0.0649961	0.997886	
0.0653179	0.997865	
0.0653179	0.997865	
0.0657746	0.997835	
0.0660622	0.997816	
0.066183	0.997808	
0.0662432	0.997804	
0.0669022	0.99776	
0.0669022	0.99776	
0.0671704	0.997742	
0.0671704	0.997742	
0.0675556	0.997716	
0.0678207	0.997698	
0.0680264	0.997684	
0.0680264	0.997684	
0.0684648	0.997654	
0.0688572	0.997627	
0.0688572	0.997627	
0.0692326	0.997601	
0.069535	0.99758	
0.069535	0.99758	
0.069535	0.99758	
0.0702484	0.99753	
0.0702484	0.99753	
0.0707158	0.997497	
0.0707158	0.997497	
0.0710111	0.997476	
0.0710111	0.997476	
0.0712912	0.997456	
0.0716819	0.997428	
0.0716819	0.997428	
0.0724157	0.997375	
0.0724157	0.997375	
0.0726632	0.997357	
0.0728689	0.997342	
0.0728689	0.997342	
0.0733465	0.997307	
0.0735774	0.99729	
0.0736181	0.997287	
0.0737398	0.997278	
0.0737398	0.997278	
0.0742508	0.99724	
0.0749338	0.997189	
0.0749338	0.997189	
0.0749338	0.997189	
0.0753317	0.997159	
0.0753317	0.997159	
0.075886	0.997117	
0.075886	0.997117	
0.0762528	0.997089	
0.0762528	0.997089	
0.0767741	0.997049	
0.0767741	0.997049	
0.0767741	0.997049	
0.0775483	0.996989	
0.0778059	0.996969	
0.0778059	0.996969	
0.0781764	0.99694	
0.0784059	0.996922	
0.0784059	0.996922	
0.0788999	0.996883	
0.0791399	0.996864	
0.0791399	0.996864	
0.0794041	0.996843	
0.0795794	0.996829	
0.0797418	0.996816	
0.0803023	0.996771	
0.0803023	0.996771	
0.0807352	0.996736	
0.0810928	0.996707	
0.0811543	0.996702	
0.0811543	0.996702	
0.0815833	0.996667	
0.0817175	0.996656	
0.0820583	0.996628	
0.0821553	0.99662	
0.0825547	0.996587	
0.0825547	0.996587	
0.0832041	0.996533	
0.0833001	0.996525	
0.0833001	0.996525	
0.0833956	0.996517	
0.0841565	0.996453	
0.0841565	0.996453	
0.0843339	0.996438	
0.0848054	0.996398	
0.0848407	0.996395	
0.0848407	0.996395	
0.0853442	0.996352	
0.0857405	0.996318	
0.0857405	0.996318	
0.085903	0.996304	
0.085903	0.996304	
0.0866874	0.996236	
0.0867911	0.996227	
0.0870321	0.996206	
0.0870321	0.996206	
0.0873406	0.996179	
0.0877617	0.996142	
0.0877617	0.996142	
0.0877617	0.996142	
0.0883498	0.99609	
0.0883498	0.99609	
0.0887317	0.996056	
0.0892919	0.996006	
0.0892919	0.996006	
0.0893699	0.995999	
0.0896255	0.995976	
0.0898914	0.995952	
0.0902788	0.995917	
0.0902788	0.995917	
0.090774	0.995872	
0.090774	0.995872	
0.090774	0.995872	
0.0915278	0.995803	
0.0915278	0.995803	
0.091734	0.995784	
0.0919832	0.995761	
0.0924909	0.995714	
0.0924909	0.995714	
0.0928989	0.995676	
0.0931883	0.995649	
0.0931883	0.995649	
0.0931883	0.995649	
0.0936995	0.995601	
0.0936995	0.995601	
0.0942711	0.995547	
0.0946195	0.995514	
0.0946195	0.995514	
0.0949869	0.995479	
0.095144	0.995464	
0.095144	0.995464	
0.0957169	0.995409	
0.0961327	0.995369	
0.0961327	0.995369	
0.0963708	0.995346	
0.0963708	0.995346	
0.0967417	0.99531	
0.0967417	0.99531	
0.097039	0.995281	
0.0977547	0.995211	
0.097826	0.995204	
0.097826	0.995204	
0.0983841	0.995149	
0.0983841	0.995149	
0.0983841	0.995149	
0.0989485	0.995093	
0.0992802	0.99506	
0.0993704	0.995051	
0.0993704	0.995051	
0.100069	0.994981	
0.100258	0.994962	
0.100258	0.994962	
0.100575	0.99493	
0.100654	0.994922	
0.101491	0.994837	
0.101491	0.994837	
0.101491	0.994837	
0.101579	0.994828	
0.101979	0.994787	
0.101979	0.994787	
0.102193	0.994765	
0.103017	0.99468	
0.103365	0.994644	
0.103365	0.994644	
0.103365	0.994644	
0.103634	0.994616	
0.104046	0.994573	
0.104046	0.994573	
0.104208	0.994556	
0.104608	0.994514	
0.105026	0.99447	
0.105026	0.99447	
0.105111	0.994461	
0.105799	0.994388	
0.105799	0.994388	
0.106202	0.994345	
0.10638	0.994326	
0.10638	0.994326	
0.106893	0.994271	
0.106986	0.994261	
0.107431	0.994213	
0.107607	0.994194	
0.107976	0.994154	
0.107976	0.994154	
0.108481	0.994099	
0.108481	0.994099	
0.108783	0.994066	
0.108783	0.994066	
0.109421	0.993996	
0.109421	0.993996	
0.109684	0.993967	
0.110136	0.993917	
0.110136	0.993917	
0.110136	0.993917	
0.111008	0.99382	
0.111008	0.99382	
0.111008	0.99382	
0.1119	0.99372	
0.1119	0.99372	
0.1119	0.99372	
0.1119	0.99372	
0.11244	0.993659	
0.112643	0.993636	
0.112828	0.993615	
0.113347	0.993556	
0.113347	0.993556	
0.113347	0.993556	
0.113749	0.99351	
0.113749	0.99351	
0.114593	0.993413	
0.114593	0.993413	
0.114593	0.993413	
0.115008	0.993365	
0.115405	0.993319	
0.11562	0.993294	
0.116152	0.993232	
0.116152	0.993232	
0.116152	0.993232	
0.116442	0.993198	
0.116842	0.993151	
0.116842	0.993151	
0.117317	0.993095	
0.117317	0.993095	
0.11779	0.993039	
0.118169	0.992994	
0.118169	0.992994	
0.118412	0.992965	
0.118989	0.992896	
0.119298	0.992859	
0.119298	0.992859	
0.119647	0.992817	
0.119647	0.992817	
0.119879	0.992789	
0.120441	0.992721	
0.120441	0.992721	
0.120441	0.992721	
0.121147	0.992635	
0.121467	0.992596	
0.121467	0.992596	
0.121622	0.992577	
0.122143	0.992513	
0.122143	0.992513	
0.122654	0.99245	
0.122654	0.99245	
0.122654	0.99245	
0.123396	0.992358	
0.123396	0.992358	
0.123396	0.992358	
0.12415	0.992264	
0.12415	0.992264	
0.12415	0.992264	
0.124676	0.992198	
0.124676	0.992198	
0.125422	0.992104	
0.125422	0.992104	
0.125422	0.992104	
0.126092	0.992019	
0.126454	0.991973	
0.126454	0.991973	
0.126548	0.991961	
0.127072	0.991894	
0.127072	0.991894	
0.127072	0.991894	
0.127858	0.991793	
0.127858	0.991793	
0.127858	0.991793	
0.128747	0.991678	
0.128747	0.991678	
0.128747	0.991678	
0.129346	0.9916	
0.129484	0.991582	
0.129836	0.991536	
0.129836	0.991536	
0.129836	0.991536	
0.130285	0.991477	
0.130779	0.991412	
0.131173	0.99136	
0.131173	0.99136	
0.131392	0.991331	
0.131784	0.991279	
0.131784	0.991279	
0.131784	0.991279	
0.132504	0.991183	
0.132504	0.991183	
0.132825	0.99114	
0.133138	0.991098	
0.133324	0.991073	
0.133324	0.991073	
0.133932	0.990991	
0.133932	0.990991	
0.134257	0.990947	
0.134699	0.990887	
0.134986	0.990848	
0.135184	0.990821	
0.135528	0.990774	
0.135667	0.990755	
0.135893	0.990724	
0.135893	0.990724	
0.13654	0.990635	
0.13654	0.990635	
0.137358	0.990522	
0.137358	0.990522	
0.137358	0.990522	
0.137358	0.990522	
0.137962	0.990438	
0.138328	0.990387	
0.138328	0.990387	
0.138328	0.990387	
0.138985	0.990295	
0.138985	0.990295	
0.139497	0.990223	
0.139497	0.990223	
0.140198	0.990124	
0.140198	0.990124	
0.140198	0.990124	
0.140698	0.990053	
0.141183	0.989984	
0.141183	0.989984	
0.141582	0.989927	
0.141582	0.989927	
0.142029	0.989863	
0.142029	0.989863	
0.14278	0.989755	
0.14278	0.989755	
0.14278	0.989755	
0.143029	0.989719	
0.143367	0.98967	
0.14407	0.989568	
0.14407	0.989568	
0.14407	0.989568	
0.144625	0.989487	
0.144625	0.989487	
0.145103	0.989417	
0.14543	0.989369	
0.145532	0.989354	
0.146014	0.989283	
0.146109	0.989269	
0.146109	0.989269	
0.146724	0.989178	
0.146724	0.989178	
0.147242	0.989101	
0.147242	0.989101	
0.147651	0.98904	
0.147986	0.98899	
0.147986	0.98899	
0.147986	0.98899	
0.148459	0.988919	
0.149104	0.988822	
0.149104	0.988822	
0.149104	0.988822	
0.149812	0.988715	
0.149812	0.988715	
0.150326	0.988637	
0.150326	0.988637	
0.150326	0.988637	
0.150805	0.988564	
0.150805	0.988564	
0.151472	0.988462	
0.151472	0.988462	
0.151993	0.988382	
0.15211	0.988364	
0.152629	0.988284	
0.152752	0.988265	
0.153211	0.988194	
0.153211	0.988194	
0.153797	0.988103	
0.153797	0.988103	
0.153797	0.988103	
0.154374	0.988013	
0.154374	0.988013	
0.15507	0.987904	
0.15507	0.987904	
0.15507	0.987904	
0.155547	0.987829	
0.155934	0.987768	
0.155934	0.987768	
0.156408	0.987693	
0.156408	0.987693	
0.156881	0.987618	
0.157139	0.987577	
0.157384	0.987538	
0.157804	0.987471	
0.157804	0.987471	
0.157804	0.987471	
0.158752	0.987319	
0.158752	0.987319	
0.159032	0.987274	
0.159032	0.987274	
0.15928	0.987234	
0.159379	0.987218	
0.159997	0.987118	
0.160527	0.987032	
0.160527	0.987032	
0.160527	0.987032	
0.161202	0.986922	
0.161202	0.986922	
0.161202	0.986922	
0.161648	0.986849	
0.162166	0.986764	
0.162385	0.986728	
0.162634	0.986687	
0.162731	0.986671	
0.162961	0.986633	
0.163469	0.986549	
0.163469	0.986549	
0.163957	0.986468	
0.163957	0.986468	
0.163957	0.986468	
0.164869	0.986316	
0.164869	0.986316	
0.164869	0.986316	
0.16543	0.986222	
0.16543	0.986222	
0.166138	0.986103	
0.166138	0.986103	
0.16647	0.986047	
0.166819	0.985988	
0.167274	0.985911	
0.167274	0.985911	
0.167274	0.985911	
0.16778	0.985825	
0.16778	0.985825	
0.168401	0.985719	
0.168717	0.985665	
0.169085	0.985602	
0.169085	0.985602	
0.169085	0.985602	
0.16976	0.985486	
0.16976	0.985486	
0.16976	0.985486	
0.170865	0.985295	
0.170865	0.985295	
0.170865	0.985295	
0.170865	0.985295	
0.171567	0.985173	
0.171567	0.985173	
0.171905	0.985114	
0.172426	0.985023	
0.172426	0.985023	
0.172637	0.984986	
0.173383	0.984855	
0.173383	0.984855	
0.173383	0.984855	
0.173729	0.984794	
0.174521	0.984654	
0.174521	0.984654	
0.174521	0.984654	
0.174786	0.984607	
0.175264	0.984522	
0.17541	0.984496	
0.17541	0.984496	
0.176166	0.984361	
0.176166	0.984361	
0.176629	0.984278	
0.176629	0.984278	
0.176718	0.984262	
0.177324	0.984153	
0.177751	0.984076	
0.177751	0.984076	
0.178171	0.984	
0.178552	0.983931	
0.178552	0.983931	
0.178965	0.983856	
0.178965	0.983856	
0.178965	0.983856	
0.179535	0.983752	
0.180055	0.983657	
0.180339	0.983605	
0.180617	0.983554	
0.180617	0.983554	
0.180802	0.98352	
0.181535	0.983385	
0.181535	0.983385	
0.182103	0.98328	
0.182103	0.98328	
0.182103	0.98328	
0.182437	0.983218	
0.183099	0.983095	
0.183389	0.983041	
0.183389	0.983041	
0.18348	0.983024	
0.183908	0.982944	
0.184463	0.98284	
0.184463	0.98284	
0.184463	0.98284	
0.185	0.982739	
0.185	0.982739	
0.185631	0.98262	
0.185631	0.98262	
0.185964	0.982557	
0.186608	0.982435	
0.186608	0.982435	
0.186608	0.982435	
0.187212	0.98232	
0.187212	0.98232	
0.187762	0.982215	
0.187762	0.982215	
0.188509	0.982072	
0.188509	0.982072	
0.188509	0.982072	
0.189117	0.981955	
0.189335	0.981913	
0.189869	0.98181	
0.189869	0.98181	
0.189869	0.98181	
0.190751	0.981639	
0.190751	0.981639	
0.190751	0.981639	
0.190941	0.981602	
0.191536	0.981486	
0.192125	0.981371	
0.192125	0.981371	
0.192125	0.981371	
0.192125	0.981371	
0.192945	0.98121	
0.19325	0.98115	
0.193519	0.981097	
0.193955	0.981011	
0.193955	0.981011	
0.194142	0.980974	
0.194142	0.980974	
0.194742	0.980855	
0.194742	0.980855	
0.195441	0.980716	
0.195441	0.980716	
0.195972	0.98061	
0.195972	0.98061	
0.196377	0.980529	
0.196377	0.980529	
0.19699	0.980406	
0.19699	0.980406	
0.197293	0.980345	
0.197933	0.980216	
0.198156	0.980171	
0.198156	0.980171	
0.19865	0.980071	
0.19865	0.980071	
0.199059	0.979988	
0.199492	0.9799	
0.199492	0.9799	
0.199492	0.9799	
0.200516	0.979691	
0.200516	0.979691	
0.200887	0.979615	
0.200887	0.979615	
0.200887	0.979615	
0.201748	0.979438	
0.201748	0.979438	
0.201748	0.979438	
0.202184	0.979348	
0.202905	0.979199	
0.202905	0.979199	
0.203257	0.979126	
0.203257	0.979126	
0.203257	0.979126	
0.204333	0.978902	
0.204333	0.978902	
0.204333	0.978902	
0.205031	0.978756	
0.205222	0.978716	
0.205222	0.978716	
0.205836	0.978587	
0.205836	0.978587	
0.206344	0.97848	
0.206344	0.97848	
0.206988	0.978344	
0.206988	0.978344	
0.206988	0.978344	
0.207573	0.97822	
0.207851	0.978161	
0.208171	0.978093	
0.208171	0.978093	
0.208912	0.977935	
0.208912	0.977935	
0.208912	0.977935	
0.20958	0.977792	
0.209916	0.97772	
0.209916	0.97772	
0.210432	0.977609	
0.210432	0.977609	
0.210975	0.977492	
0.210975	0.977492	
0.210975	0.977492	
0.21183	0.977307	
0.21183	0.977307	
0.212415	0.97718	
0.212415	0.97718	
0.21287	0.977081	
0.213104	0.97703	
0.213411	0.976963	
0.213754	0.976888	
0.214051	0.976823	
0.214384	0.97675	
0.214384	0.97675	
0.214789	0.976661	
0.214789	0.976661	
0.215515	0.976501	
0.215515	0.976501	
0.216076	0.976377	
0.216198	0.97635	
0.216514	0.97628	
0.216735	0.976231	
0.21714	0.976141	
0.21714	0.976141	
0.217867	0.975979	
0.217867	0.975979	
0.218194	0.975906	
0.218194	0.975906	
0.218462	0.975846	
0.218899	0.975748	
0.219184	0.975684	
0.219184	0.975684	
0.219913	0.97552	
0.22025	0.975444	
0.22025	0.975444	
0.220542	0.975378	
0.220732	0.975335	
0.221226	0.975223	
0.221781	0.975097	
0.221781	0.975097	
0.222093	0.975026	
0.222093	0.975026	
0.222093	0.975026	
0.223087	0.974799	
0.223087	0.974799	
0.22355	0.974693	
0.22355	0.974693	
0.224081	0.974571	
0.224081	0.974571	
0.224424	0.974492	
0.224975	0.974365	
0.224975	0.974365	
0.225278	0.974295	
0.225775	0.97418	
0.225913	0.974148	
0.226262	0.974067	
0.226262	0.974067	
0.226262	0.974067	
0.227383	0.973806	
0.227383	0.973806	
0.227383	0.973806	
0.227883	0.973689	
0.227883	0.973689	
0.228617	0.973517	
0.228617	0.973517	
0.229072	0.97341	
0.229365	0.973341	
0.2297	0.973262	
0.2297	0.973262	
0.230233	0.973136	
0.230364	0.973105	
0.230824	0.972996	
0.23114	0.972921	
0.23114	0.972921	
0.231527	0.972829	
0.231527	0.972829	
0.232194	0.97267	
0.232194	0.97267	
0.232951	0.972489	
0.233189	0.972432	
0.233189	0.972432	
0.233189	0.972432	
0.2342	0.972189	
0.2342	0.972189	
0.2342	0.972189	
0.234689	0.972071	
0.234689	0.972071	
0.235458	0.971885	
0.235458	0.971885	
0.235916	0.971774	
0.235916	0.971774	
0.236463	0.971641	
0.23673	0.971576	
0.23673	0.971576	
0.23732	0.971432	
0.237545	0.971377	
0.237962	0.971275	
0.237962	0.971275	
0.23839	0.97117	
0.238618	0.971114	
0.238618	0.971114	
0.239264	0.970955	
0.239264	0.970955	
0.240184	0.970728	
0.240184	0.970728	
0.240184	0.970728	
0.240632	0.970617	
0.240632	0.970617	
0.241409	0.970424	
0.241409	0.970424	
0.241975	0.970283	
0.241975	0.970283	
0.241975	0.970283	
0.243167	0.969985	
0.243167	0.969985	
0.243167	0.969985	
0.243167	0.969985	
0.243856	0.969812	
0.243856	0.969812	
0.243856	0.969812	
0.244721	0.969594	
0.245042	0.969513	
0.245042	0.969513	
0.245449	0.96941	
0.245883	0.9693	
0.245883	0.9693	
0.24634	0.969184	
0.246568	0.969126	
0.246568	0.969126	
0.246933	0.969033	
0.247662	0.968847	
0.247662	0.968847	
0.248006	0.968759	
0.248295	0.968685	
0.248642	0.968596	
0.248903	0.968529	
0.249148	0.968466	
0.249614	0.968346	
0.249614	0.968346	
0.249889	0.968275	
0.250597	0.968092	
0.250597	0.968092	
0.250821	0.968034	
0.251326	0.967903	
0.251326	0.967903	
0.252053	0.967714	
0.252053	0.967714	
0.252053	0.967714	
0.252559	0.967582	
0.253095	0.967442	
0.253095	0.967442	
0.253095	0.967442	
0.253999	0.967205	
0.253999	0.967205	
0.253999	0.967205	
0.254626	0.96704	
0.255298	0.966863	
0.255298	0.966863	
0.255298	0.966863	
0.255903	0.966703	
0.256205	0.966623	
0.256484	0.966549	
0.256484	0.966549	
0.256804	0.966464	
0.257522	0.966273	
0.257522	0.966273	
0.257522	0.966273	
0.257964	0.966155	
0.25869	0.965961	
0.25869	0.965961	
0.258884	0.965909	
0.258884	0.965909	
0.259863	0.965646	
0.259863	0.965646	
0.260082	0.965587	
0.260731	0.965412	
0.260731	0.965412	
0.260731	0.965412	
0.26116	0.965296	
0.261688	0.965153	
0.262031	0.96506	
0.262031	0.96506	
0.262671	0.964886	
0.262671	0.964886	
0.263159	0.964753	
0.263584	0.964637	
0.263584	0.964637	
0.264198	0.964469	
0.264198	0.964469	
0.264581	0.964364	
0.264581	0.964364	
0.265298	0.964167	
0.265298	0.964167	
0.265643	0.964072	
0.265643	0.964072	
0.266306	0.963889	
0.26678	0.963758	
0.26678	0.963758	
0.267217	0.963637	
0.267217	0.963637	
0.267606	0.963529	
0.267973	0.963427	
0.267973	0.963427	
0.268393	0.96331	
0.269067	0.963122	
0.269067	0.963122	
0.269228	0.963077	
0.269478	0.963007	
0.270174	0.962812	
0.270313	0.962773	
0.271092	0.962554	
0.271092	0.962554	
0.271344	0.962483	
0.271766	0.962364	
0.271766	0.962364	
0.272134	0.96226	
0.272134	0.96226	
0.272688	0.962103	
0.273157	0.96197	
0.2734	0.961901	
0.2734	0.961901	
0.273927	0.961751	
0.274327	0.961637	
0.274597	0.96156	
0.274597	0.96156	
0.275055	0.961429	
0.27531	0.961356	
0.275624	0.961266	
0.276011	0.961155	
0.276105	0.961128	
0.276745	0.960944	
0.276745	0.960944	
0.277019	0.960865	
0.277511	0.960723	
0.277511	0.960723	
0.278289	0.960498	
0.278289	0.960498	
0.278289	0.960498	
0.278482	0.960442	
0.279143	0.96025	
0.279834	0.960049	
0.279834	0.960049	
0.279834	0.960049	
0.280779	0.959773	
0.280779	0.959773	
0.280779	0.959773	
0.281274	0.959628	
0.281274	0.959628	
0.281976	0.959422	
0.282204	0.959355	
0.282425	0.95929	
0.282425	0.95929	
0.283042	0.959108	
0.283692	0.958916	
0.283692	0.958916	
0.283692	0.958916	
0.28405	0.95881	
0.284593	0.958649	
0.284694	0.958619	
0.284694	0.958619	
0.285719	0.958314	
0.28587	0.958269	
0.28587	0.958269	
0.286506	0.958079	
0.286506	0.958079	
0.287004	0.95793	
0.287004	0.95793	
0.287164	0.957882	
0.287687	0.957725	
0.288083	0.957606	
0.288083	0.957606	
0.288873	0.957368	
0.288873	0.957368	
0.288873	0.957368	
0.289515	0.957174	
0.29008	0.957003	
0.29008	0.957003	
0.290604	0.956844	
0.290604	0.956844	
0.29114	0.956681	
0.29114	0.956681	
0.291616	0.956536	
0.292314	0.956323	
0.292314	0.956323	
0.292399	0.956297	
0.293075	0.95609	
0.293075	0.95609	
0.293515	0.955955	
0.293668	0.955908	
0.294016	0.955801	
0.294724	0.955583	
0.294724	0.955583	
0.294724	0.955583	
0.29497	0.955507	
0.295743	0.955268	
0.295743	0.955268	
0.296327	0.955087	
0.296572	0.955011	
0.296572	0.955011	
0.297045	0.954864	
0.297045	0.954864	
0.298088	0.954539	
0.298088	0.954539	
0.298088	0.954539	
0.298088	0.954539	
0.299098	0.954223	
0.299098	0.954223	
0.299098	0.954223	
0.29998	0.953946	
0.29998	0.953946	
0.300336	0.953834	
0.300774	0.953696	
0.300774	0.953696	
0.301075	0.953601	
0.301651	0.953419	
0.301651	0.953419	
0.302478	0.953157	
0.302478	0.953157	
0.302478	0.953157	
0.302988	0.952995	
0.302988	0.952995	
0.303509	0.952829	
0.304011	0.952669	
0.304011	0.952669	
0.304584	0.952486	
0.304859	0.952398	
0.305037	0.952341	
0.30558	0.952167	
0.30558	0.952167	
0.306112	0.951996	
0.3066	0.951839	
0.3066	0.951839	
0.30709	0.951681	
0.30709	0.951681	
0.307641	0.951503	
0.307641	0.951503	
0.308506	0.951223	
0.308506	0.951223	
0.308506	0.951223	
0.308974	0.951071	
0.309537	0.950888	
0.309537	0.950888	
0.309537	0.950888	
0.310264	0.950651	
0.31046	0.950587	
0.311038	0.950398	
0.311038	0.950398	
0.311322	0.950305	
0.311987	0.950087	
0.311987	0.950087	
0.311987	0.950087	
0.312671	0.949862	
0.312671	0.949862	
0.313405	0.94962	
0.313802	0.949489	
0.314153	0.949373	
0.314153	0.949373	
0.31444	0.949278	
0.315028	0.949083	
0.315028	0.949083	
0.315028	0.949083	
0.315966	0.948771	
0.315966	0.948771	
0.316518	0.948587	
0.316518	0.948587	
0.317159	0.948373	
0.317159	0.948373	
0.317159	0.948373	
0.317583	0.948231	
0.318239	0.948011	
0.318757	0.947837	
0.318876	0.947797	
0.318876	0.947797	
0.319535	0.947575	
0.319535	0.947575	
0.320107	0.947382	
0.320107	0.947382	
0.320509	0.947246	
0.321029	0.94707	
0.321029	0.94707	
0.321798	0.946809	
0.321798	0.946809	
0.321798	0.946809	
0.322494	0.946572	
0.322494	0.946572	
0.323186	0.946336	
0.323508	0.946226	
0.323508	0.946226	
0.324294	0.945957	
0.324294	0.945957	
0.324294	0.945957	
0.324629	0.945842	
0.325304	0.94561	
0.325304	0.94561	
0.325856	0.94542	
0.325856	0.94542	
0.325856	0.94542	
0.326884	0.945065	
0.326884	0.945065	
0.327274	0.94493	
0.327782	0.944754	
0.327782	0.944754	
0.328519	0.944498	
0.328519	0.944498	
0.328519	0.944498	
0.329139	0.944282	
0.329248	0.944244	
0.330027	0.943972	
0.330027	0.943972	
0.330636	0.943759	
0.330636	0.943759	
0.330636	0.943759	
0.331374	0.9435	
0.331374	0.9435	
0.332193	0.943212	
0.332406	0.943137	
0.332406	0.943137	
0.332715	0.943028	
0.332868	0.942974	
0.333219	0.94285	
0.333643	0.9427	
0.333643	0.9427	
0.334867	0.942266	
0.334867	0.942266	
0.334867	0.942266	
0.335387	0.942081	
0.335387	0.942081	
0.335603	0.942004	
0.336301	0.941755	
0.336637	0.941635	
0.337023	0.941497	
0.337023	0.941497	
0.33757	0.941301	
0.33757	0.941301	
0.33801	0.941143	
0.338839	0.940845	
0.338839	0.940845	
0.338839	0.940845	
0.339108	0.940748	
0.339571	0.940581	
0.339931	0.940451	
0.339931	0.940451	
0.3405	0.940245	
0.340754	0.940153	
0.340754	0.940153	
0.341619	0.939839	
0.34193	0.939726	
0.34193	0.939726	
0.342158	0.939643	
0.342652	0.939463	
0.343093	0.939302	
0.343093	0.939302	
0.343599	0.939117	
0.344107	0.938931	
0.344107	0.938931	
0.344107	0.938931	
0.3453	0.938493	
0.3453	0.938493	
0.3453	0.938493	
0.3453	0.938493	
0.346331	0.938113	
0.346331	0.938113	
0.346331	0.938113	
0.347372	0.937728	
0.347372	0.937728	
0.347372	0.937728	
0.34831	0.93738	
0.34831	0.93738	
0.34831	0.93738	
0.348915	0.937155	
0.348915	0.937155	
0.34969	0.936866	
0.34969	0.936866	
0.350073	0.936723	
0.350394	0.936603	
0.350394	0.936603	
0.351208	0.936298	
0.35136	0.936241	
0.351629	0.93614	
0.351999	0.936001	
0.351999	0.936001	
0.352626	0.935765	
0.352626	0.935765	
0.353111	0.935582	
0.353111	0.935582	
0.353939	0.935269	
0.354375	0.935104	
0.354375	0.935104	
0.354375	0.935104	
0.355168	0.934803	
0.355418	0.934708	
0.355418	0.934708	
0.356353	0.934352	
0.356353	0.934352	
0.356353	0.934352	
0.357005	0.934103	
0.357455	0.933931	
0.357455	0.933931	
0.357455	0.933931	
0.358355	0.933586	
0.358527	0.93352	
0.358907	0.933374	
0.358907	0.933374	
0.358907	0.933374	
0.35973	0.933057	
0.360352	0.932817	
0.360352	0.932817	
0.360771	0.932655	
0.360908	0.932602	
0.361556	0.932351	
0.361703	0.932294	
0.361703	0.932294	
0.362259	0.932078	
0.362722	0.931898	
0.362722	0.931898	
0.363179	0.93172	
0.363179	0.93172	
0.363712	0.931512	
0.364454	0.931222	
0.364454	0.931222	
0.364454	0.931222	
0.365245	0.930912	
0.365296	0.930892	
0.36579	0.930698	
0.36579	0.930698	
0.366354	0.930476	
0.366481	0.930426	
0.367227	0.930132	
0.367227	0.930132	
0.367227	0.930132	
0.367852	0.929885	
0.367852	0.929885	
0.3687	0.929549	
0.3687	0.929549	
0.369302	0.92931	
0.369302	0.92931	
0.369795	0.929114	
0.369795	0.929114	
0.370603	0.928792	
0.370603	0.928792	
0.370901	0.928673	
0.371454	0.928452	
0.371519	0.928426	
0.372193	0.928156	
0.372193	0.928156	
0.37238	0.928081	
0.372624	0.927983	
0.37339	0.927675	
0.373549	0.927611	
0.373549	0.927611	
0.374464	0.927242	
0.374464	0.927242	
0.375095	0.926987	
0.375095	0.926987	
0.375095	0.926987	
0.375729	0.92673	
0.376503	0.926416	
0.376503	0.926416	
0.37669	0.92634	
0.37698	0.926222	
0.37698	0.926222	
0.37776	0.925904	
0.378113	0.92576	
0.378113	0.92576	
0.378925	0.925428	
0.378925	0.925428	
0.379152	0.925335	
0.379152	0.925335	
0.3801	0.924946	
0.3801	0.924946	
0.380314	0.924858	
0.3808	0.924658	
0.380834	0.924644	
0.381244	0.924475	
0.38177	0.924258	
0.381966	0.924177	
0.381966	0.924177	
0.38286	0.923807	
0.38286	0.923807	
0.383282	0.923632	
0.383766	0.923431	
0.383944	0.923357	
0.383944	0.923357	
0.384823	0.922991	
0.384823	0.922991	
0.38495	0.922938	
0.385616	0.92266	
0.385616	0.92266	
0.386376	0.922342	
0.386376	0.922342	
0.386748	0.922186	
0.387239	0.92198	
0.387239	0.92198	
0.387239	0.92198	
0.388128	0.921606	
0.388356	0.92151	
0.388982	0.921246	
0.388982	0.921246	
0.389427	0.921058	
0.389427	0.921058	
0.389902	0.920857	
0.389902	0.920857	
0.390784	0.920483	
0.390784	0.920483	
0.39097	0.920404	
0.391732	0.92008	
0.391732	0.92008	
0.391732	0.92008	
0.392478	0.919762	
0.392902	0.919581	
0.392902	0.919581	
0.393559	0.9193	
0.393559	0.9193	
0.393559	0.9193	
0.394268	0.918996	
0.395125	0.918628	
0.395125	0.918628	
0.395125	0.918628	
0.395731	0.918367	
0.396093	0.918211	
0.396246	0.918145	
0.396473	0.918047	
0.396709	0.917945	
0.397072	0.917788	
0.397393	0.917649	
0.398053	0.917363	
0.398302	0.917255	
0.398302	0.917255	
0.398831	0.917025	
0.399201	0.916864	
0.399426	0.916766	
0.399809	0.916599	
0.400162	0.916445	
0.400462	0.916314	
0.400462	0.916314	
0.400462	0.916314	
0.401604	0.915814	
0.401604	0.915814	
0.401923	0.915674	
0.402499	0.915421	
0.402499	0.915421	
0.402908	0.915241	
0.403512	0.914975	
0.403512	0.914975	
0.403947	0.914783	
0.403947	0.914783	
0.404673	0.914462	
0.404673	0.914462	
0.405391	0.914144	
0.405391	0.914144	
0.405648	0.91403	
0.406274	0.913752	
0.406274	0.913752	
0.406274	0.913752	
0.406932	0.913459	
0.40754	0.913188	
0.407605	0.913159	
0.408046	0.912962	
0.408046	0.912962	
0.408721	0.91266	
0.408721	0.91266	
0.409408	0.912352	
0.409789	0.912181	
0.409789	0.912181	
0.409987	0.912092	
0.410456	0.911881	
0.411122	0.911581	
0.411122	0.911581	
0.41145	0.911433	
0.411824	0.911264	
0.412074	0.911151	
0.41258	0.910922	
0.41258	0.910922	
0.413085	0.910693	
0.413506	0.910502	
0.413823	0.910358	
0.413823	0.910358	
0.414526	0.910038	
0.414526	0.910038	
0.41539	0.909644	
0.41539	0.909644	
0.41539	0.909644	
0.41623	0.90926	
0.41623	0.90926	
0.416887	0.908959	
0.416887	0.908959	
0.416887	0.908959	
0.417647	0.90861	
0.417647	0.90861	
0.418223	0.908345	
0.418566	0.908187	
0.419069	0.907955	
0.419069	0.907955	
0.419645	0.907689	
0.419645	0.907689	
0.420263	0.907403	
0.420617	0.907239	
0.420617	0.907239	
0.420617	0.907239	
0.421573	0.906795	
0.421573	0.906795	
0.422409	0.906406	
0.422409	0.906406	
0.422795	0.906226	
0.422795	0.906226	
0.423144	0.906063	
0.423959	0.905682	
0.423959	0.905682	
0.424463	0.905446	
0.424463	0.905446	
0.424887	0.905247	
0.425166	0.905116	
0.425568	0.904927	
0.42584	0.904799	
0.426373	0.904548	
0.426373	0.904548	
0.426905	0.904297	
0.427176	0.904169	
0.427614	0.903962	
0.427614	0.903962	
0.428522	0.903532	
0.428522	0.903532	
0.4286	0.903495	
0.429173	0.903223	
0.429173	0.903223	
0.430039	0.902811	
0.430039	0.902811	
0.430211	0.902729	
0.43089	0.902405	
0.431179	0.902267	
0.431179	0.902267	
0.431683	0.902026	
0.43199	0.901879	
0.432572	0.9016	
0.432572	0.9016	
0.432572	0.9016	
0.433621	0.901096	
0.4337	0.901058	
0.4337	0.901058	
0.434136	0.900848	
0.434588	0.90063	
0.434588	0.90063	
0.435116	0.900375	
0.435604	0.900139	
0.436108	0.899895	
0.436108	0.899895	
0.436436	0.899736	
0.436436	0.899736	
0.437204	0.899363	
0.437204	0.899363	
0.43796	0.898995	
0.438157	0.898899	
0.438594	0.898686	
0.438635	0.898666	
0.439427	0.898279	
0.439427	0.898279	
0.439427	0.898279	
0.440209	0.897896	
0.440366	0.897819	
0.440692	0.897659	
0.441091	0.897463	
0.441091	0.897463	
0.441766	0.897131	
0.441766	0.897131	
0.442395	0.896821	
0.442395	0.896821	
0.442395	0.896821	
0.443332	0.896358	
0.443332	0.896358	
0.444239	0.895909	
0.444239	0.895909	
0.444632	0.895714	
0.44491	0.895576	
0.44491	0.895576	
0.445445	0.89531	
0.445445	0.89531	
0.44631	0.894879	
0.446739	0.894665	
0.446739	0.894665	
0.446739	0.894665	
0.447525	0.894272	
0.447525	0.894272	
0.44813	0.893969	
0.448497	0.893785	
0.448748	0.893659	
0.448748	0.893659	
0.449474	0.893294	
0.449925	0.893067	
0.449925	0.893067	
0.449925	0.893067	
0.450823	0.892614	
0.450823	0.892614	
0.451009	0.89252	
0.451533	0.892255	
0.451916	0.892061	
0.452573	0.891728	
0.452573	0.891728	
0.452573	0.891728	
0.453445	0.891285	
0.453445	0.891285	
0.453445	0.891285	
0.454283	0.890858	
0.454283	0.890858	
0.454669	0.890661	
0.45518	0.8904	
0.455485	0.890244	
0.456032	0.889964	
0.456032	0.889964	
0.456806	0.889567	
0.456806	0.889567	
0.456806	0.889567	
0.45765	0.889133	
0.457887	0.889011	
0.457887	0.889011	
0.458374	0.88876	
0.458754	0.888564	
0.458754	0.888564	
0.459261	0.888302	
0.459866	0.887989	
0.459866	0.887989	
0.460547	0.887636	
0.460547	0.887636	
0.461015	0.887393	
0.461521	0.88713	
0.461521	0.88713	
0.462266	0.886742	
0.462266	0.886742	
0.46268	0.886526	
0.46268	0.886526	
0.463151	0.88628	
0.463765	0.885959	
0.463765	0.885959	
0.463765	0.885959	
0.464734	0.885451	
0.464734	0.885451	
0.465231	0.88519	
0.465406	0.885098	
0.465406	0.885098	
0.466086	0.88474	
0.466272	0.884642	
0.467229	0.884137	
0.467229	0.884137	
0.467229	0.884137	
0.467229	0.884137	
0.468234	0.883605	
0.468636	0.883392	
0.468734	0.88334	
0.468734	0.88334	
0.469438	0.882966	
0.469438	0.882966	
0.469797	0.882775	
0.470593	0.882351	
0.470788	0.882247	
0.470788	0.882247	
0.471245	0.882003	
0.471245	0.882003	
0.472086	0.881553	
0.472674	0.881238	
0.472674	0.881238	
0.473164	0.880975	
0.473164	0.880975	
0.473765	0.880652	
0.473962	0.880546	
0.473962	0.880546	
0.474949	0.880014	
0.474949	0.880014	
0.474949	0.880014	
0.475656	0.879632	
0.475656	0.879632	
0.476432	0.879212	
0.476432	0.879212	
0.476834	0.878994	
0.477103	0.878848	
0.477103	0.878848	
0.478135	0.878287	
0.478135	0.878287	
0.478135	0.878287	
0.479144	0.877737	
0.479144	0.877737	
0.479296	0.877654	
0.479801	0.877378	
0.480205	0.877157	
0.480205	0.877157	
0.480205	0.877157	
0.481212	0.876605	
0.481212	0.876605	
0.481212	0.876605	
0.482216	0.876053	
0.482345	0.875982	
0.482345	0.875982	
0.483107	0.875562	
0.483107	0.875562	
0.48369	0.87524	
0.48369	0.87524	
0.484359	0.87487	
0.484359	0.87487	
0.484998	0.874516	
0.484998	0.874516	
0.485198	0.874405	
0.486008	0.873955	
0.486008	0.873955	
0.486655	0.873595	
0.486655	0.873595	
0.487089	0.873353	
0.487657	0.873036	
0.487657	0.873036	
0.488215	0.872724	
0.488442	0.872597	
0.488442	0.872597	
0.488915	0.872332	
0.489767	0.871854	
0.489824	0.871822	
0.489929	0.871763	
0.490688	0.871336	
0.490688	0.871336	
0.491107	0.8711	
0.491107	0.8711	
0.491605	0.870819	
0.492076	0.870553	
0.492076	0.870553	
0.492753	0.87017	
0.492753	0.87017	
0.493395	0.869806	
0.493818	0.869566	
0.493818	0.869566	
0.494235	0.869329	
0.494235	0.869329	
0.494987	0.868901	
0.495145	0.868811	
0.495573	0.868567	
0.495876	0.868394	
0.496506	0.868034	
0.496506	0.868034	
0.496927	0.867793	
0.496927	0.867793	
0.497461	0.867487	
0.497862	0.867257	
0.497862	0.867257	
0.498137	0.867099	
0.498815	0.866709	
0.499152	0.866515	
0.499976	0.86604	
0.499976	0.86604	
0.499976	0.86604	
0.500298	0.865854	
0.500298	0.865854	
0.501074	0.865405	
0.501566	0.86512	
0.501942	0.864902	
0.501942	0.864902	
0.502295	0.864697	
0.502627	0.864504	
0.503196	0.864173	
0.503196	0.864173	
0.503656	0.863905	
0.503872	0.863779	
0.504285	0.863538	
0.504285	0.863538	
0.504781	0.863248	
0.505579	0.862781	
0.505678	0.862723	
0.505678	0.862723	
0.505995	0.862537	
0.506741	0.862099	
0.506906	0.862002	
0.506906	0.862002	
0.507589	0.8616	
0.507796	0.861478	
0.508308	0.861176	
0.508308	0.861176	
0.508914	0.860818	
0.509264	0.860611	
0.509264	0.860611	
0.509546	0.860444	
0.510118	0.860105	
0.510627	0.859803	
0.510627	0.859803	
0.511137	0.8595	
0.511137	0.8595	
0.511871	0.859063	
0.51221	0.858861	
0.51221	0.858861	
0.512639	0.858605	
0.512639	0.858605	
0.513335	0.858189	
0.513335	0.858189	
0.513998	0.857792	
0.513998	0.857792	
0.514923	0.857237	
0.515246	0.857043	
0.515246	0.857043	
0.515246	0.857043	
0.515919	0.856638	
0.516518	0.856277	
0.516659	0.856192	
0.516659	0.856192	
0.517025	0.855971	
0.517384	0.855754	
0.518055	0.855348	
0.518055	0.855348	
0.51822	0.855248	
0.518873	0.854852	
0.518873	0.854852	
0.519548	0.854442	
0.519548	0.854442	
0.519944	0.854201	
0.520315	0.853975	
0.521066	0.853517	
0.521415	0.853304	
0.521415	0.853304	
0.521819	0.853057	
0.522185	0.852833	
0.522185	0.852833	
0.522185	0.852833	
0.522994	0.852337	
0.523499	0.852027	
0.523499	0.852027	
0.524333	0.851514	
0.524333	0.851514	
0.524661	0.851312	
0.524661	0.851312	
0.524909	0.851159	
0.525748	0.850641	
0.525748	0.850641	
0.526288	0.850307	
0.5267	0.850052	
0.5267	0.850052	
0.527224	0.849727	
0.527224	0.849727	
0.528164	0.849143	
0.528164	0.849143	
0.528381	0.849008	
0.528723	0.848795	
0.528991	0.848628	
0.529682	0.848197	
0.529682	0.848197	
0.530167	0.847894	
0.530167	0.847894	
0.530667	0.847581	
0.531213	0.847239	
0.531213	0.847239	
0.531358	0.847148	
0.532011	0.846738	
0.532482	0.846442	
0.532482	0.846442	
0.533173	0.846007	
0.533173	0.846007	
0.533173	0.846007	
0.534062	0.845446	
0.534521	0.845156	
0.534521	0.845156	
0.534521	0.845156	
0.535238	0.844702	
0.535238	0.844702	
0.535982	0.84423	
0.536363	0.843988	
0.536978	0.843597	
0.536978	0.843597	
0.536978	0.843597	
0.537521	0.843251	
0.538062	0.842906	
0.538062	0.842906	
0.538782	0.842446	
0.538782	0.842446	
0.538782	0.842446	
0.5396	0.841922	
0.53987	0.841749	
0.540417	0.841398	
0.540417	0.841398	
0.540417	0.841398	
0.541123	0.840944	
0.541123	0.840944	
0.541963	0.840403	
0.541963	0.840403	
0.542228	0.840232	
0.542883	0.839809	
0.542883	0.839809	
0.543152	0.839635	
0.544006	0.839082	
0.544006	0.839082	
0.544396	0.838829	
0.544912	0.838494	
0.544912	0.838494	
0.544912	0.838494	
0.545963	0.83781	
0.545963	0.83781	
0.545963	0.83781	
0.546501	0.837459	
0.547054	0.837098	
0.547054	0.837098	
0.547574	0.836758	
0.547574	0.836758	
0.548148	0.836382	
0.548729	0.836001	
0.548729	0.836001	
0.548729	0.836001	
0.549639	0.835403	
0.549639	0.835403	
0.550134	0.835077	
0.550134	0.835077	
0.55085	0.834605	
0.55085	0.834605	
0.551286	0.834317	
0.551782	0.833989	
0.551782	0.833989	
0.552454	0.833544	
0.552454	0.833544	
0.553134	0.833093	
0.553134	0.833093	
0.553697	0.832719	
0.553697	0.832719	
0.553951	0.83255	
0.554541	0.832157	
0.55506	0.831811	
0.55506	0.831811	
0.555391	0.83159	
0.555861	0.831276	
0.555861	0.831276	
0.556251	0.831015	
0.556799	0.830648	
0.556799	0.830648	
0.557419	0.830232	
0.55776	0.830003	
0.558279	0.829654	
0.558386	0.829582	
0.558386	0.829582	
0.558864	0.82926	
0.559629	0.828744	
0.559629	0.828744	
0.560104	0.828423	
0.560419	0.82821	
0.560419	0.82821	
0.560419	0.82821	
0.561297	0.827615	
0.56191	0.827199	
0.562178	0.827017	
0.562178	0.827017	
0.562644	0.8267	
0.562644	0.8267	
0.563064	0.826414	
0.563639	0.826022	
0.563746	0.825949	
0.563746	0.825949	
0.564757	0.825258	
0.564757	0.825258	
0.565112	0.825015	
0.565112	0.825015	
0.565497	0.824751	
0.56654	0.824035	
0.56654	0.824035	
0.56654	0.824035	
0.56696	0.823746	
0.567313	0.823503	
0.567313	0.823503	
0.568119	0.822947	
0.568526	0.822666	
0.568526	0.822666	
0.569006	0.822334	
0.569451	0.822026	
0.569451	0.822026	
0.569891	0.821721	
0.5701	0.821576	
0.5701	0.821576	
0.571316	0.820731	
0.571316	0.820731	
0.571316	0.820731	
0.571316	0.820731	
0.57229	0.820052	
0.57229	0.820052	
0.57229	0.820052	
0.573143	0.819456	
0.573143	0.819456	
0.573773	0.819015	
0.574097	0.818788	
0.574097	0.818788	
0.574523	0.818489	
0.575316	0.817932	
0.575353	0.817906	
0.575353	0.817906	
0.575755	0.817623	
0.57628	0.817253	
0.576443	0.817138	
0.576691	0.816963	
0.577352	0.816496	
0.577591	0.816327	
0.577745	0.816218	
0.578242	0.815866	
0.578242	0.815866	
0.578906	0.815395	
0.578906	0.815395	
0.579569	0.814924	
0.579569	0.814924	
0.580246	0.814442	
0.580246	0.814442	
0.580678	0.814134	
0.581324	0.813673	
0.581324	0.813673	
0.581324	0.813673	
0.581784	0.813344	
0.582604	0.812757	
0.582604	0.812757	
0.583085	0.812412	
0.583085	0.812412	
0.583085	0.812412	
0.583579	0.812057	
0.584256	0.81157	
0.584885	0.811117	
0.584885	0.811117	
0.584885	0.811117	
0.585183	0.810902	
0.585532	0.81065	
0.586073	0.810259	
0.586616	0.809866	
0.586616	0.809866	
0.586616	0.809866	
0.587424	0.80928	
0.587424	0.80928	
0.587691	0.809086	
0.58835	0.808607	
0.588743	0.808321	
0.588743	0.808321	
0.588953	0.808168	
0.589774	0.807569	
0.589774	0.807569	
0.590324	0.807167	
0.590711	0.806884	
0.590711	0.806884	
0.590711	0.806884	
0.591235	0.8065	
0.591659	0.806189	
0.591994	0.805943	
0.592296	0.805721	
0.592617	0.805485	
0.593227	0.805036	
0.593227	0.805036	
0.593227	0.805036	
0.594154	0.804352	
0.594154	0.804352	
0.594595	0.804026	
0.59501	0.803719	
0.59501	0.803719	
0.595396	0.803433	
0.595868	0.803083	
0.596244	0.802804	
0.596454	0.802648	
0.596454	0.802648	
0.597184	0.802105	
0.597376	0.801962	
0.597914	0.801561	
0.597914	0.801561	
0.598332	0.801249	
0.598332	0.801249	
0.599017	0.800737	
0.599327	0.800505	
0.599558	0.800332	
0.599937	0.800048	
0.599957	0.800033	
0.60045	0.799663	
0.600848	0.799364	
0.601195	0.799103	
0.601405	0.798945	
0.601563	0.798826	
0.602135	0.798395	
0.602135	0.798395	
0.602763	0.797921	
0.602763	0.797921	
0.60323	0.797568	
0.603674	0.797232	
0.603674	0.797232	
0.604513	0.796596	
0.60482	0.796363	
0.60482	0.796363	
0.605141	0.796119	
0.605458	0.795878	
0.605642	0.795738	
0.606255	0.795271	
0.606255	0.795271	
0.606428	0.795139	
0.607409	0.79439	
0.607409	0.79439	
0.607409	0.79439	
0.608031	0.793914	
0.60833	0.793685	
0.60833	0.793685	
0.609039	0.793141	
0.60922	0.793002	
0.60922	0.793002	
0.610047	0.792366	
0.610047	0.792366	
0.610278	0.792188	
0.61078	0.791801	
0.611446	0.791287	
0.611446	0.791287	
0.611446	0.791287	
0.612237	0.790675	
0.612472	0.790493	
0.612832	0.790214	
0.612832	0.790214	
0.613274	0.789871	
0.613274	0.789871	
0.613993	0.789312	
0.614678	0.788779	
0.614678	0.788779	
0.614678	0.788779	
0.614855	0.788641	
0.615831	0.787879	
0.615831	0.787879	
0.615831	0.787879	
0.616263	0.787541	
0.616567	0.787303	
0.617367	0.786676	
0.617367	0.786676	
0.617367	0.786676	
0.617791	0.786343	
0.618226	0.786001	
0.618799	0.78555	
0.619096	0.785316	
0.619507	0.784992	
0.619507	0.784992	
0.619507	0.784992	
0.620251	0.784404	
0.620495	0.784211	
0.620701	0.784048	
0.621215	0.783641	
0.621215	0.783641	
0.621888	0.783107	
0.621888	0.783107	
0.622414	0.782689	
0.622414	0.782689	
0.622845	0.782346	
0.623263	0.782013	
0.623618	0.78173	
0.623618	0.78173	
0.623618	0.78173	
0.624687	0.780876	
0.624762	0.780816	
0.625083	0.780559	
0.625465	0.780253	
0.625465	0.780253	
0.626295	0.779587	
0.626295	0.779587	
0.626718	0.779247	
0.626718	0.779247	
0.626718	0.779247	
0.627561	0.778568	
0.627886	0.778306	
0.628161	0.778084	
0.628769	0.777593	
0.628769	0.777593	
0.628769	0.777593	
0.629105	0.777321	
0.63	0.776596	
0.63	0.776596	
0.63	0.776596	
0.630906	0.77586	
0.630906	0.77586	
0.631453	0.775415	
0.631453	0.775415	
0.631453	0.775415	
0.632352	0.774682	
0.63251	0.774553	
0.63292	0.774218	
0.63292	0.774218	
0.633184	0.774002	
0.633647	0.773623	
0.63404	0.773301	
0.63453	0.772899	
0.63453	0.772899	
0.634816	0.772664	
0.635237	0.772318	
0.63566	0.77197	
0.63566	0.77197	
0.636194	0.77153	
0.636194	0.77153	
0.636991	0.770872	
0.636991	0.770872	
0.637349	0.770576	
0.637407	0.770528	
0.638052	0.769994	
0.638052	0.769994	
0.638667	0.769484	
0.638867	0.769318	
0.639263	0.768989	
0.639459	0.768826	
0.639918	0.768444	
0.639918	0.768444	
0.639918	0.768444	
0.640809	0.767701	
0.641185	0.767387	
0.641416	0.767194	
0.641605	0.767036	
0.641605	0.767036	
0.642238	0.766506	
0.642238	0.766506	
0.643244	0.765662	
0.643244	0.765662	
0.643319	0.765599	
0.643319	0.765599	
0.644353	0.764729	
0.644353	0.764729	
0.644646	0.764482	
0.644844	0.764315	
0.644844	0.764315	
0.645669	0.763618	
0.64609	0.763262	
0.64609	0.763262	
0.646462	0.762947	
0.646916	0.762562	
0.646916	0.762562	
0.647399	0.762152	
0.647499	0.762067	
0.648268	0.761413	
0.648268	0.761413	
0.648619	0.761114	
0.64889	0.760883	
0.649511	0.760353	
0.649511	0.760353	
0.649924	0.76	
0.649924	0.76	
0.65032	0.759661	
0.650962	0.759111	
0.651249	0.758865	
0.651249	0.758865	
0.651249	0.758865	
0.652081	0.75815	
0.652081	0.75815	
0.652598	0.757705	
0.652872	0.757469	
0.653264	0.757131	
0.653468	0.756955	
0.653468	0.756955	
0.653865	0.756612	
0.654184	0.756336	
0.65463	0.75595	
0.655297	0.755372	
0.655515	0.755183	
0.655515	0.755183	
0.655827	0.754912	
0.656301	0.7545	
0.656301	0.7545	
0.656703	0.75415	
0.656703	0.75415	
0.657404	0.753539	
0.65778	0.753211	
0.657875	0.753128	
0.657875	0.753128	
0.658481	0.752598	
0.659164	0.752	
0.659164	0.752	
0.659473	0.751729	
0.660013	0.751255	
0.660013	0.751255	
0.660409	0.750907	
0.660409	0.750907	
0.660776	0.750584	
0.661138	0.750265	
0.66167	0.749796	
0.66167	0.749796	
0.66233	0.749213	
0.662788	0.748808	
0.662788	0.748808	
0.662788	0.748808	
0.663227	0.748419	
0.663853	0.747864	
0.663853	0.747864	
0.664211	0.747546	
0.664211	0.747546	
0.664673	0.747135	
0.665641	0.746273	
0.665641	0.746273	
0.665641	0.746273	
0.665873	0.746066	
0.666407	0.745589	
0.666407	0.745589	
0.666549	0.745462	
0.667159	0.744916	
0.66762	0.744503	
0.66762	0.744503	
0.668481	0.74373	
0.668481	0.74373	
0.668481	0.74373	
0.66882	0.743425	
0.669503	0.74281	
0.669736	0.7426	
0.669736	0.7426	
0.670455	0.741951	
0.670455	0.741951	
0.670809	0.741631	
0.671304	0.741183	
0.671304	0.741183	
0.671806	0.740728	
0.671806	0.740728	
0.672338	0.740245	
0.672338	0.740245	
0.673319	0.739353	
0.673319	0.739353	
0.673319	0.739353	
0.673589	0.739107	
0.674078	0.738661	
0.674078	0.738661	
0.674853	0.737953	
0.674853	0.737953	
0.675371	0.737479	
0.675371	0.737479	
0.67573	0.73715	
0.67608	0.736829	
0.676556	0.736392	
0.676556	0.736392	
0.676992	0.735991	
0.677392	0.735623	
0.677392	0.735623	
0.677789	0.735257	
0.678277	0.734807	
0.678576	0.734531	
0.678576	0.734531	
0.679388	0.73378	
0.679388	0.73378	
0.679863	0.73334	
0.679863	0.73334	
0.679863	0.73334	
0.680475	0.732772	
0.680856	0.732418	
0.681083	0.732207	
0.681083	0.732207	
0.681795	0.731544	
0.681987	0.731365	
0.682389	0.73099	
0.682389	0.73099	
0.682725	0.730676	
0.683077	0.730347	
0.683605	0.729853	
0.683605	0.729853	
0.684002	0.729481	
0.68426	0.729239	
0.684621	0.7289	
0.685103	0.728447	
0.685103	0.728447	
0.685457	0.728114	
0.685905	0.727692	
0.685905	0.727692	
0.686524	0.727108	
0.686613	0.727024	
0.686613	0.727024	
0.687442	0.72624	
0.687685	0.72601	
0.687685	0.72601	
0.688222	0.725501	
0.688222	0.725501	
0.688578	0.725163	
0.688999	0.724763	
0.689468	0.724317	
0.689468	0.724317	
0.68991	0.723896	
0.68991	0.723896	
0.690518	0.723316	
0.690518	0.723316	
0.690945	0.722908	
0.691472	0.722404	
0.691472	0.722404	
0.691637	0.722246	
0.692407	0.721508	
0.692407	0.721508	
0.692407	0.721508	
0.693016	0.720923	
0.693276	0.720673	
0.693276	0.720673	
0.69376	0.720207	
0.694231	0.719753	
0.694373	0.719616	
0.694664	0.719335	
0.695198	0.718819	
0.695594	0.718436	
0.695594	0.718436	
0.695594	0.718436	
0.696375	0.717679	
0.696375	0.717679	
0.696857	0.717211	
0.696857	0.717211	
0.697474	0.716611	
0.697474	0.716611	
0.697474	0.716611	
0.698259	0.715846	
0.698589	0.715524	
0.698589	0.715524	
0.699071	0.715053	
0.699071	0.715053	
0.699771	0.714368	
0.699771	0.714368	
0.699872	0.714269	
0.700704	0.713453	
0.700704	0.713453	
0.701226	0.71294	
0.701226	0.71294	
0.701419	0.71275	
0.701886	0.71229	
0.70216	0.71202	
0.702453	0.711731	
0.702689	0.711498	
0.702689	0.711498	
0.703587	0.71061	
0.703587	0.71061	
0.703587	0.71061	
0.704149	0.710053	
0.704664	0.709542	
0.704664	0.709542	
0.704971	0.709237	
0.705346	0.708864	
0.705346	0.708864	
0.705824	0.708388	
0.706106	0.708107	
0.706543	0.707671	
0.706543	0.707671	
0.706543	0.707671	
0.7077	0.706514	
0.7077	0.706514	
0.7077	0.706514	
0.708137	0.706076	
0.708137	0.706076	
0.708677	0.705534	
0.708677	0.705534	
0.709049	0.70516	
0.709373	0.704834	
0.709785	0.704419	
0.710177	0.704024	
0.710407	0.703792	
0.710407	0.703792	
0.711162	0.703029	
0.711162	0.703029	
0.71141	0.702778	
0.71172	0.702464	
0.712373	0.701802	
0.712373	0.701802	
0.712373	0.701802	
0.712925	0.701241	
0.713342	0.700817	
0.713342	0.700817	
0.713449	0.700708	
0.71387	0.700279	
0.714168	0.699975	
0.714601	0.699533	
0.714966	0.69916	
0.715183	0.698938	
0.715183	0.698938	
0.715643	0.698467	
0.716078	0.698021	
0.716352	0.69774	
0.716352	0.69774	
0.716968	0.697107	
0.716968	0.697107	
0.717448	0.696613	
0.717448	0.696613	
0.718	0.696044	
0.718219	0.695818	
0.718219	0.695818	
0.718851	0.695165	
0.719054	0.694955	
0.719341	0.694658	
0.719703	0.694283	
0.719867	0.694113	
0.719867	0.694113	
0.720594	0.693358	
0.720824	0.693119	
0.720824	0.693119	
0.720824	0.693119	
0.721906	0.691992	
0.721906	0.691992	
0.721906	0.691992	
0.722496	0.691376	
0.722496	0.691376	
0.722562	0.691307	
0.723357	0.690475	
0.723775	0.690037	
0.723775	0.690037	
0.723775	0.690037	
0.724115	0.68968	
0.724668	0.689099	
0.724668	0.689099	
0.725222	0.688516	
0.725222	0.688516	
0.725813	0.687893	
0.725813	0.687893	
0.726208	0.687476	
0.726437	0.687234	
0.726869	0.686777	
0.726869	0.686777	
0.727524	0.686083	
0.727607	0.685995	
0.727607	0.685995	
0.728224	0.68534	
0.728224	0.68534	
0.728774	0.684755	
0.728836	0.684689	
0.729175	0.684328	
0.729705	0.683763	
0.729705	0.683763	
0.729985	0.683464	
0.730247	0.683184	
0.730622	0.682783	
0.731103	0.682268	
0.731103	0.682268	
0.731449	0.681897	
0.731708	0.681619	
0.732059	0.681242	
0.732059	0.681242	
0.732562	0.680701	
0.732968	0.680264	
0.732968	0.680264	
0.733289	0.679918	
0.733289	0.679918	
0.73383	0.679334	
0.734116	0.679025	
0.734446	0.678668	
0.734446	0.678668	
0.734735	0.678355	
0.735056	0.678007	
0.735563	0.677457	
0.735947	0.67704	
0.735947	0.67704	
0.736573	0.676359	
0.736573	0.676359	
0.736573	0.676359	
0.737161	0.675718	
0.737392	0.675466	
0.737392	0.675466	
0.737801	0.675019	
0.738121	0.674669	
0.738481	0.674275	
0.738931	0.673782	
0.738931	0.673782	
0.738931	0.673782	
0.739391	0.673277	
0.739958	0.672654	
0.739958	0.672654	
0.740187	0.672402	
0.740187	0.672402	
0.741037	0.671465	
0.741037	0.671465	
0.741754	0.670673	
0.741754	0.670673	
0.741754	0.670673	
0.742175	0.670207	
0.742175	0.670207	
0.742866	0.669441	
0.742866	0.669441	
0.743183	0.669089	
0.743703	0.668511	
0.743703	0.668511	
0.743977	0.668206	
0.74465	0.667456	
0.74465	0.667456	
0.74465	0.667456	
0.745276	0.666757	
0.74548	0.666529	
0.74548	0.666529	
0.745957	0.665995	
0.746189	0.665735	
0.746502	0.665384	
0.746788	0.665063	
0.746788	0.665063	
0.747489	0.664275	
0.747497	0.664266	
0.748092	0.663596	
0.748092	0.663596	
0.748092	0.663596	
0.748707	0.662902	
0.748707	0.662902	
0.749075	0.662486	
0.74938	0.662141	
0.74969	0.66179	
0.749885	0.661569	
0.750235	0.661172	
0.750746	0.660592	
0.750746	0.660592	
0.750746	0.660592	
0.751299	0.659963	
0.751299	0.659963	
0.751722	0.659481	
0.752084	0.659068	
0.752423	0.658681	
0.752767	0.658288	
0.752767	0.658288	
0.753224	0.657765	
0.753224	0.657765	
0.753813	0.65709	
0.753813	0.65709	
0.754077	0.656787	
0.75446	0.656347	
0.75446	0.656347	
0.755056	0.655661	
0.755399	0.655266	
0.755399	0.655266	
0.755399	0.655266	
0.755971	0.654606	
0.756055	0.654509	
0.75681	0.653636	
0.75681	0.653636	
0.75681	0.653636	
0.757339	0.653023	
0.757339	0.653023	
0.75783	0.652453	
0.75783	0.652453	
0.758304	0.651902	
0.758304	0.651902	
0.758748	0.651385	
0.759105	0.650969	
0.759525	0.650479	
0.759525	0.650479	
0.760053	0.649862	
0.760183	0.64971	
0.760236	0.649648	
0.760458	0.649388	
0.761224	0.64849	
0.761224	0.64849	
0.761224	0.64849	
0.761898	0.647698	
0.761898	0.647698	
0.762051	0.647518	
0.762394	0.647114	
0.763014	0.646383	
0.763014	0.646383	
0.76334	0.645998	
0.76334	0.645998	
0.763718	0.645551	
0.763718	0.645551	
0.764331	0.644825	
0.764331	0.644825	
0.76482	0.644245	
0.76482	0.644245	
0.765123	0.643885	
0.765793	0.643088	
0.765993	0.64285	
0.765993	0.64285	
0.765993	0.64285	
0.766476	0.642274	
0.766476	0.642274	
0.767061	0.641575	
0.76754	0.641002	
0.767667	0.64085	
0.767667	0.64085	
0.767858	0.640621	
0.768539	0.639804	
0.768539	0.639804	
0.768539	0.639804	
0.769101	0.639128	
0.769611	0.638514	
0.769611	0.638514	
0.769611	0.638514	
0.770095	0.63793	
0.770456	0.637494	
0.770456	0.637494	
0.770943	0.636905	
0.770943	0.636905	
0.771373	0.636384	
0.771858	0.635796	
0.771858	0.635796	
0.771858	0.635796	
0.772429	0.635102	
0.772849	0.634591	
0.772849	0.634591	
0.773192	0.634173	
0.773447	0.633862	
0.773447	0.633862	
0.773732	0.633514	
0.774253	0.632877	
0.774253	0.632877	
0.77477	0.632244	
0.774872	0.632119	
0.775283	0.631615	
0.775283	0.631615	
0.775856	0.630911	
0.775856	0.630911	
0.775856	0.630911	
0.776297	0.630368	
0.776642	0.629943	
0.776792	0.629758	
0.777194	0.629262	
0.777194	0.629262	
0.777867	0.62843	
0.777867	0.62843	
0.777867	0.62843	
0.778419	0.627746	
0.778419	0.627746	
0.778813	0.627257	
0.778813	0.627257	
0.779677	0.626183	
0.779677	0.626183	
0.779677	0.626183	
0.780067	0.625697	
0.780067	0.625697	
0.780748	0.624847	
0.780748	0.624847	
0.781092	0.624417	
0.781092	0.624417	
0.781888	0.62342	
0.781888	0.62342	
0.781888	0.62342	
0.782217	0.623007	
0.78279	0.622287	
0.78279	0.622287	
0.78279	0.622287	
0.783388	0.621534	
0.783388	0.621534	
0.78385	0.620951	
0.784139	0.620586	
0.784435	0.620212	
0.784435	0.620212	
0.784928	0.619588	
0.784928	0.619588	
0.785145	0.619313	
0.785145	0.619313	
0.785847	0.618422	
0.785847	0.618422	
0.786285	0.617865	
0.786285	0.617865	
0.786694	0.617344	
0.78696	0.617005	
0.78696	0.617005	
0.787379	0.61647	
0.787595	0.616194	
0.788061	0.615598	
0.788061	0.615598	
0.788584	0.614928	
0.788853	0.614583	
0.788853	0.614583	
0.788853	0.614583	
0.789446	0.613821	
0.789446	0.613821	
0.78993	0.613198	
0.78993	0.613198	
0.79049	0.612476	
0.79049	0.612476	
0.790682	0.612228	
0.791075	0.61172	
0.791477	0.6112	
0.791477	0.6112	
0.791872	0.610688	
0.792212	0.610247	
0.792212	0.610247	
0.792212	0.610247	
0.792809	0.609471	
0.793254	0.608892	
0.793254	0.608892	
0.793254	0.608892	
0.793885	0.608069	
0.793885	0.608069	
0.793885	0.608069	
0.794552	0.607197	
0.794552	0.607197	
0.795056	0.606537	
0.795056	0.606537	
0.795056	0.606537	
0.795814	0.605542	
0.795814	0.605542	
0.79617	0.605074	
0.79617	0.605074	
0.796621	0.60448	
0.796621	0.60448	
0.797219	0.603691	
0.797447	0.60339	
0.797447	0.60339	
0.797605	0.603181	
0.798195	0.6024	
0.798423	0.602098	
0.798423	0.602098	
0.798735	0.601684	
0.798735	0.601684	
0.799216	0.601045	
0.799216	0.601045	
0.79963	0.600494	
0.79963	0.600494	
0.800168	0.599777	
0.800168	0.599777	
0.800728	0.599029	
0.801022	0.598636	
0.801022	0.598636	
0.801367	0.598174	
0.801367	0.598174	
0.80176	0.597647	
0.80176	0.597647	
0.802297	0.596926	
0.802515	0.596633	
0.802515	0.596633	
0.802922	0.596085	
0.803287	0.595593	
0.803287	0.595593	
0.803602	0.595168	
0.803972	0.594668	
0.803972	0.594668	
0.8044	0.594089	
0.8044	0.594089	
0.805013	0.593258	
0.805013	0.593258	
0.80536	0.592787	
0.80536	0.592787	
0.805921	0.592024	
0.805921	0.592024	
0.805921	0.592024	
0.806583	0.591122	
0.806583	0.591122	
0.807004	0.590547	
0.807004	0.590547	
0.807453	0.589933	
0.807453	0.589933	
0.807942	0.589263	
0.807942	0.589263	
0.808407	0.588625	
0.808407	0.588625	
0.80885	0.588016	
0.809079	0.587701	
0.809079	0.587701	
0.809497	0.587125	
0.809497	0.587125	
0.80986	0.586624	
0.810162	0.586207	
0.810264	0.586066	
0.810741	0.585406	
0.810741	0.585406	
0.810995	0.585054	
0.81129	0.584645	
0.811478	0.584384	
0.811478	0.584384	
0.811837	0.583885	
0.812259	0.583298	
0.812259	0.583298	
0.812551	0.582891	
0.812693	0.582693	
0.813085	0.582146	
0.813236	0.581935	
0.813437	0.581654	
0.81362	0.581398	
0.81388	0.581034	
0.814221	0.580556	
0.814221	0.580556	
0.814692	0.579895	
0.814692	0.579895	
0.815098	0.579324	
0.815098	0.579324	
0.815529	0.578717	
0.815876	0.578228	
0.815876	0.578228	
0.816114	0.577892	
0.816114	0.577892	
0.816802	0.576919	
0.816968	0.576684	
0.816968	0.576684	
0.817394	0.57608	
0.817394	0.57608	
0.817787	0.575522	
0.818126	0.57504	
0.818386	0.57467	
0.818386	0.57467	
0.818386	0.57467	
0.818959	0.573853	
0.819076	0.573686	
0.819412	0.573206	
0.819412	0.573206	
0.819823	0.572618	
0.819823	0.572618	
0.820278	0.571966	
0.820331	0.57189	
0.820733	0.571313	
0.820733	0.571313	
0.821144	0.570722	
0.821429	0.570312	
0.821429	0.570312	
0.821868	0.569679	
0.821868	0.569679	
0.822361	0.568967	
0.822581	0.568649	
0.822581	0.568649	
0.822981	0.56807	
0.82303	0.567999	
0.82303	0.567999	
0.823636	0.56712	
0.823636	0.56712	
0.823951	0.566662	
0.824219	0.566272	
0.824712	0.565554	
0.824712	0.565554	
0.825002	0.565131	
0.825002	0.565131	
0.825002	0.565131	
0.825513	0.564384	
0.825733	0.564062	
0.825761	0.564021	
0.826457	0.563001	
0.826457	0.563001	
0.826457	0.563001	
0.826851	0.562422	
0.827004	0.562197	
0.827178	0.561941	
0.827508	0.561455	
0.827508	0.561455	
0.82783	0.56098	
0.82817	0.560478	
0.828425	0.560101	
0.828473	0.56003	
0.828835	0.559494	
0.829076	0.559137	
0.829076	0.559137	
0.829619	0.558331	
0.829619	0.558331	
0.830001	0.557763	
0.830001	0.557763	
0.83023	0.557422	
0.83023	0.557422	
0.830731	0.556675	
0.830869	0.556469	
0.831288	0.555843	
0.831288	0.555843	
0.831542	0.555463	
0.831759	0.555138	
0.831759	0.555138	
0.832225	0.554439	
0.83255	0.553951	
0.83255	0.553951	
0.832816	0.553551	
0.833109	0.55311	
0.833253	0.552893	
0.83368	0.552249	
0.83368	0.552249	
0.83368	0.552249	
0.834358	0.551224	
0.834358	0.551224	
0.834539	0.55095	
0.834539	0.55095	
0.835042	0.550187	
0.835214	0.549926	
0.835601	0.549338	
0.835601	0.549338	
0.835601	0.549338	
0.836228	0.548383	
0.836228	0.548383	
0.836498	0.547971	
0.836741	0.5476	
0.836741	0.5476	
0.837149	0.546976	
0.837262	0.546803	
0.837262	0.546803	
0.837735	0.546078	
0.837937	0.545768	
0.838148	0.545444	
0.838323	0.545175	
0.838323	0.545175	
0.838875	0.544325	
0.839132	0.543929	
0.839132	0.543929	
0.839132	0.543929	
0.839562	0.543265	
0.839659	0.543115	
0.840125	0.542394	
0.840125	0.542394	
0.840305	0.542115	
0.840639	0.541597	
0.840706	0.541493	
0.841188	0.540744	
0.841188	0.540744	
0.841366	0.540467	
0.841366	0.540467	
0.841699	0.539948	
0.842149	0.539246	
0.842149	0.539246	
0.842316	0.538985	
0.842789	0.538245	
0.842789	0.538245	
0.843015	0.537891	
0.843221	0.537568	
0.843639	0.536912	
0.843639	0.536912	
0.843639	0.536912	
0.844016	0.536319	
0.844482	0.535585	
0.844482	0.535585	
0.844612	0.53538	
0.844612	0.53538	
0.845226	0.53441	
0.845226	0.53441	
0.845672	0.533704	
0.845843	0.533433	
0.845949	0.533265	
0.845949	0.533265	
0.846471	0.532436	
0.846471	0.532436	
0.846657	0.53214	
0.846905	0.531745	
0.847286	0.531138	
0.847286	0.531138	
0.847524	0.530758	
0.847872	0.530202	
0.848074	0.529879	
0.848074	0.529879	
0.848172	0.529722	
0.848638	0.528975	
0.84883	0.528667	
0.84883	0.528667	
0.849258	0.527979	
0.849309	0.527897	
0.849647	0.527353	
0.849742	0.5272	
0.849742	0.5272	
0.850164	0.526519	
0.850164	0.526519	
0.850487	0.525997	
0.850995	0.525175	
0.850995	0.525175	
0.85123	0.524794	
0.85123	0.524794	
0.851738	0.523969	
0.851866	0.523761	
0.851866	0.523761	
0.852202	0.523214	
0.852202	0.523214	
0.85264	0.5225	
0.85264	0.5225	
0.85264	0.5225	
0.853184	0.521611	
0.853335	0.521364	
0.853335	0.521364	
0.853783	0.52063	
0.85405	0.520192	
0.85405	0.520192	
0.85431	0.519765	
0.85431	0.519765	
0.854812	0.518939	
0.854812	0.518939	
0.85494	0.518728	
0.855337	0.518073	
0.855446	0.517893	
0.855696	0.51748	
0.856	0.516977	
0.856	0.516977	
0.856324	0.51644	
0.856438	0.516251	
0.856782	0.51568	
0.856782	0.51568	
0.856782	0.51568	
0.857103	0.515146	
0.857515	0.51446	
0.857515	0.51446	
0.857789	0.514003	
0.857789	0.514003	
0.858138	0.51342	
0.858458	0.512885	
0.858458	0.512885	
0.858914	0.512121	
0.858914	0.512121	
0.859412	0.511285	
0.859412	0.511285	
0.859412	0.511285	
0.859812	0.510612	
0.859812	0.510612	
0.860066	0.510184	
0.860178	0.509995	
0.860515	0.509426	
0.860731	0.509061	
0.860841	0.508875	
0.861108	0.508423	
0.861458	0.50783	
0.861458	0.50783	
0.861458	0.50783	
0.86168	0.507453	
0.86227	0.50645	
0.86227	0.50645	
0.86227	0.50645	
0.862734	0.505659	
0.862734	0.505659	
0.863038	0.50514	
0.863038	0.50514	
0.863314	0.504668	
0.863591	0.504194	
0.863591	0.504194	
0.864021	0.503457	
0.864141	0.503251	
0.864187	0.503172	
0.864411	0.502787	
0.864762	0.502183	
0.864762	0.502183	
0.865116	0.501573	
0.865116	0.501573	
0.8652	0.501428	
0.865563	0.500801	
0.865822	0.500353	
0.865971	0.500095	
0.866262	0.499591	
0.866533	0.499121	
0.866533	0.499121	
0.866681	0.498864	
0.86683	0.498605	
0.867261	0.497855	
0.867261	0.497855	
0.867616	0.497236	
0.867616	0.497236	
0.867947	0.496658	
0.867947	0.496658	
0.86827	0.496093	
0.868414	0.495841	
0.868414	0.495841	
0.868738	0.495273	
0.868738	0.495273	
0.869197	0.494467	
0.869474	0.49398	
0.869474	0.49398	
0.869784	0.493434	
0.869784	0.493434	
0.870132	0.49282	
0.870132	0.49282	
0.870398	0.49235	
0.870745	0.491736	
0.870745	0.491736	
0.87092	0.491426	
0.871061	0.491176	
0.871429	0.490523	
0.871429	0.490523	
0.871727	0.489993	
0.871904	0.489678	
0.871904	0.489678	
0.872281	0.489006	
0.872485	0.488642	
0.872485	0.488642	
0.872861	0.48797	
0.872861	0.48797	
0.873189	0.487383	
0.873189	0.487383	
0.873451	0.486913	
0.873885	0.486134	
0.873885	0.486134	
0.873885	0.486134	
0.87424	0.485495	
0.874446	0.485124	
0.874446	0.485124	
0.874916	0.484276	
0.874916	0.484276	
0.874916	0.484276	
0.875308	0.483567	
0.875308	0.483567	
0.875558	0.483114	
0.876026	0.482265	
0.876026	0.482265	
0.876026	0.482265	
0.876356	0.481665	
0.87669	0.481057	
0.87669	0.481057	
0.876786	0.480882	
0.877285	0.479971	
0.877285	0.479971	
0.877501	0.479576	
0.877701	0.47921	
0.877701	0.47921	
0.877701	0.47921	
0.878239	0.478223	
0.87838	0.477964	
0.87838	0.477964	
0.878893	0.47702	
0.878893	0.47702	
0.879122	0.476598	
0.879122	0.476598	
0.879486	0.475926	
0.879486	0.475926	
0.879798	0.475349	
0.879798	0.475349	
0.88024	0.47453	
0.88024	0.47453	
0.880497	0.474053	
0.880497	0.474053	
0.880674	0.473724	
0.880874	0.473352	
0.881282	0.472592	
0.881282	0.472592	
0.881536	0.472118	
0.881536	0.472118	
0.881873	0.471488	
0.88209	0.471082	
0.88216	0.470951	
0.882398	0.470505	
0.882398	0.470505	
0.882682	0.469972	
0.882682	0.469972	
0.882949	0.46947	
0.883195	0.469007	
0.883195	0.469007	
0.883694	0.468066	
0.883738	0.467983	
0.884036	0.46742	
0.884155	0.467195	
0.884155	0.467195	
0.8844	0.466731	
0.884602	0.466348	
0.884602	0.466348	
0.884916	0.465752	
0.884956	0.465676	
0.885242	0.465132	
0.885242	0.465132	
0.885495	0.46465	
0.885817	0.464036	
0.885982	0.463721	
0.885982	0.463721	
0.886359	0.463	
0.886359	0.463	
0.886645	0.462452	
0.886657	0.462429	
0.886853	0.462053	
0.887079	0.461619	
0.887183	0.461419	
0.887513	0.460784	
0.887513	0.460784	
0.887595	0.460626	
0.887978	0.459887	
0.887978	0.459887	
0.888273	0.459317	
0.888517	0.458845	
0.888644	0.458599	
0.888644	0.458599	
0.888792	0.458312	
0.889167	0.457584	
0.889167	0.457584	
0.889439	0.457055	
0.889722	0.456504	
0.889722	0.456504	
0.889841	0.456272	
0.890281	0.455413	
0.890281	0.455413	
0.890281	0.455413	
0.890441	0.4551	
0.890758	0.454479	
0.891069	0.453869	
0.891069	0.453869	
0.891206	0.4536	
0.891559	0.452906	
0.891559	0.452906	
0.891559	0.452906	
0.891938	0.452159	
0.891938	0.452159	
0.892256	0.451531	
0.892465	0.451118	
0.892606	0.450839	
0.892606	0.450839	
0.892886	0.450284	
0.893129	0.449802	
0.893129	0.449802	
0.893282	0.449498	
0.893576	0.448913	
0.893576	0.448913	
0.893835	0.448397	
0.89417	0.447729	
0.89417	0.447729	
0.89417	0.447729	
0.894428	0.447213	
0.894878	0.446312	
0.894878	0.446312	
0.894878	0.446312	
0.895173	0.44572	
0.895407	0.44525	
0.895407	0.44525	
0.895407	0.44525	
0.895965	0.444126	
0.895965	0.444126	
0.896079	0.443896	
0.896079	0.443896	
0.896508	0.443029	
0.896508	0.443029	
0.896508	0.443029	
0.896887	0.442261	
0.89699	0.442052	
0.897191	0.441644	
0.897222	0.441581	
0.897573	0.440867	
0.897768	0.44047	
0.897768	0.44047	
0.89797	0.440058	
0.898212	0.439564	
0.898212	0.439564	
0.898644	0.43868	
0.898644	0.43868	
0.898805	0.43835	
0.898805	0.43835	
0.899182	0.437576	
0.899182	0.437576	
0.899468	0.436988	
0.899468	0.436988	
0.89975	0.436407	
0.89975	0.436407	
0.899986	0.43592	
0.900185	0.435509	
0.900389	0.435087	
0.900389	0.435087	
0.900629	0.43459	
0.900697	0.434449	
0.900884	0.434061	
0.901221	0.433361	
0.901221	0.433361	
0.901382	0.433026	
0.901552	0.432672	
0.901788	0.43218	
0.901788	0.43218	
0.901788	0.43218	
0.902241	0.431233	
0.902435	0.430827	
0.90252	0.430649	
0.90275	0.430167	
0.90275	0.430167	
0.902919	0.429812	
0.902919	0.429812	
0.903336	0.428935	
0.903336	0.428935	
0.903485	0.428621	
0.903714	0.428138	
0.903714	0.428138	
0.904154	0.427208	
0.904154	0.427208	
0.904222	0.427064	
0.904405	0.426676	
0.904677	0.426099	
0.904879	0.42567	
0.904879	0.42567	
0.905138	0.425119	
0.905377	0.42461	
0.905377	0.42461	
0.905527	0.42429	
0.905652	0.424023	
0.905791	0.423726	
0.906035	0.423204	
0.906184	0.422885	
0.906344	0.422542	
0.906344	0.422542	
0.906487	0.422235	
0.906988	0.421158	
0.906988	0.421158	
0.906988	0.421158	
0.906988	0.421158	
0.907346	0.420386	
0.907534	0.41998	
0.907534	0.41998	
0.907901	0.419186	
0.907901	0.419186	
0.908181	0.418579	
0.908334	0.418247	
0.908334	0.418247	
0.908334	0.418247	
0.90882	0.41719	
0.90882	0.41719	
0.90882	0.41719	
0.909173	0.41642	
0.909173	0.41642	
0.909173	0.41642	
0.909596	0.415495	
0.909675	0.415322	
0.90992	0.414785	
0.90992	0.414785	
0.910156	0.414267	
0.910156	0.414267	
0.910547	0.413407	
0.910547	0.413407	
0.910758	0.412942	
0.910758	0.412942	
0.91109	0.412209	
0.91109	0.412209	
0.91109	0.412209	
0.911474	0.411359	
0.911576	0.411133	
0.911768	0.410707	
0.91185	0.410525	
0.91207	0.410036	
0.91207	0.410036	
0.912414	0.40927	
0.912414	0.40927	
0.912414	0.40927	
0.912916	0.408149	
0.912916	0.408149	
0.912916	0.408149	
0.912979	0.408008	
0.913287	0.407318	
0.913287	0.407318	
0.913675	0.406447	
0.913675	0.406447	
0.913675	0.406447	
0.914014	0.405684	
0.914014	0.405684	
0.914257	0.405136	
0.914463	0.404671	
0.914601	0.404359	
0.914601	0.404359	
0.914601	0.404359	
0.915049	0.403344	
0.915049	0.403344	
0.915049	0.403344	
0.915534	0.402242	
0.915534	0.402242	
0.915534	0.402242	
0.915896	0.401417	
0.915896	0.401417	
0.91608	0.400997	
0.91608	0.400997	
0.916373	0.400327	
0.916373	0.400327	
0.916633	0.399731	
0.916769	0.399419	
0.917066	0.398737	
0.917066	0.398737	
0.917066	0.398737	
0.917261	0.398288	
0.917261	0.398288	
0.917769	0.397116	
0.917769	0.397116	
0.917968	0.396656	
0.917968	0.396656	
0.917968	0.396656	
0.91838	0.395701	
0.91838	0.395701	
0.918501	0.39542	
0.918658	0.395055	
0.918658	0.395055	
0.919075	0.394084	
0.919075	0.394084	
0.919189	0.393818	
0.919371	0.393393	
0.919566	0.392937	
0.919695	0.392635	
0.919695	0.392635	
0.919961	0.392011	
0.919961	0.392011	
0.920213	0.391419	
0.920381	0.391024	
0.920381	0.391024	
0.920623	0.390454	
0.920715	0.390237	
0.920865	0.389883	
0.920956	0.389668	
0.921262	0.388944	
0.921262	0.388944	
0.921451	0.388496	
0.921451	0.388496	
0.921563	0.38823	
0.921951	0.387308	
0.921951	0.387308	
0.921951	0.387308	
0.922121	0.386903	
0.922277	0.386531	
0.922483	0.386039	
0.922632	0.385683	
0.922632	0.385683	
0.922948	0.384926	
0.923016	0.384763	
0.923026	0.384739	
0.923303	0.384074	
0.923303	0.384074	
0.923534	0.383518	
0.923671	0.383188	
0.923671	0.383188	
0.924079	0.382203	
0.924079	0.382203	
0.924227	0.381845	
0.924227	0.381845	
0.924402	0.381421	
0.924402	0.381421	
0.924758	0.380557	
0.924758	0.380557	
0.925038	0.379876	
0.925038	0.379876	
0.925335	0.379152	
0.925335	0.379152	
0.925335	0.379152	
0.925687	0.378292	
0.925687	0.378292	
0.925956	0.377633	
0.925956	0.377633	
0.925956	0.377633	
0.926355	0.376653	
0.926355	0.376653	
0.926537	0.376205	
0.926537	0.376205	
0.926791	0.375579	
0.926934	0.375226	
0.926934	0.375226	
0.926934	0.375226	
0.927341	0.374219	
0.927341	0.374219	
0.927545	0.373713	
0.927696	0.373338	
0.927696	0.373338	
0.927967	0.372664	
0.927967	0.372664	
0.928245	0.371971	
0.928245	0.371971	
0.928245	0.371971	
0.928556	0.371194	
0.928556	0.371194	
0.928697	0.370841	
0.929036	0.369991	
0.929036	0.369991	
0.929036	0.369991	
0.929403	0.369068	
0.929403	0.369068	
0.929403	0.369068	
0.929666	0.368405	
0.929666	0.368405	
0.929862	0.36791	
0.930032	0.36748	
0.930139	0.367209	
0.930139	0.367209	
0.930449	0.366423	
0.930449	0.366423	
0.930639	0.36594	
0.930861	0.365375	
0.930861	0.365375	
0.930983	0.365064	
0.931186	0.364546	
0.931186	0.364546	
0.931351	0.364124	
0.931496	0.363753	
0.931649	0.363361	
0.931649	0.363361	
0.931843	0.362863	
0.931971	0.362534	
0.93228	0.361739	
0.93228	0.361739	
0.932332	0.361605	
0.932332	0.361605	
0.932761	0.360497	
0.932761	0.360497	
0.932761	0.360497	
0.932949	0.36001	
0.933155	0.359476	
0.933155	0.359476	
0.933155	0.359476	
0.933382	0.358886	
0.933563	0.358415	
0.933563	0.358415	
0.933698	0.358063	
0.933803	0.357789	
0.934102	0.357008	
0.934102	0.357008	
0.934102	0.357008	
0.934355	0.356345	
0.934363	0.356324	
0.934733	0.355352	
0.934776	0.355239	
0.934944	0.354797	
0.934944	0.354797	
0.934944	0.354797	
0.935135	0.354293	
0.935342	0.353746	
0.935534	0.353238	
0.935665	0.352891	
0.935665	0.352891	
0.935821	0.352477	
0.935923	0.352206	
0.936084	0.351778	
0.936211	0.35144	
0.936211	0.35144	
0.936253	0.351328	
0.936573	0.350474	
0.93668	0.350188	
0.93668	0.350188	
0.936934	0.349508	
0.936934	0.349508	
0.936997	0.349339	
0.937092	0.349084	
0.9373	0.348525	
0.937442	0.348143	
0.937533	0.347898	
0.937592	0.347739	
0.937815	0.347137	
0.937815	0.347137	
0.938031	0.346553	
0.938031	0.346553	
0.938193	0.346114	
0.93835	0.345688	
0.938529	0.345202	
0.938575	0.345077	
0.938575	0.345077	
0.938857	0.344309	
0.938857	0.344309	
0.939124	0.34358	
0.939124	0.34358	
0.93926	0.343208	
0.939436	0.342726	
0.939436	0.342726	
0.939616	0.342232	
0.939616	0.342232	
0.939879	0.341509	
0.939879	0.341509	
0.940193	0.340644	
0.940193	0.340644	
0.940193	0.340644	
0.940409	0.340047	
0.940593	0.339538	
0.940593	0.339538	
0.940593	0.339538	
0.940739	0.339133	
0.940851	0.338822	
0.941096	0.338141	
0.941096	0.338141	
0.941245	0.337726	
0.941435	0.337196	
0.941435	0.337196	
0.941718	0.336405	
0.941718	0.336405	
0.941718	0.336405	
0.941834	0.33608	
0.942082	0.335384	
0.942192	0.335075	
0.942336	0.33467	
0.942336	0.33467	
0.942336	0.33467	
0.942681	0.333697	
0.942681	0.333697	
0.942681	0.333697	
0.943009	0.332769	
0.943009	0.332769	
0.943009	0.332769	
0.943274	0.332017	
0.943274	0.332017	
0.943447	0.331525	
0.943447	0.331525	
0.943645	0.330961	
0.943645	0.330961	
0.943784	0.330564	
0.944152	0.329512	
0.944152	0.329512	
0.944152	0.329512	
0.944274	0.329162	
0.944554	0.328358	
0.944554	0.328358	
0.944554	0.328358	
0.944678	0.328001	
0.944806	0.327632	
0.944806	0.327632	
0.945058	0.326904	
0.945262	0.326314	
0.945319	0.326149	
0.945319	0.326149	
0.945492	0.325647	
0.945492	0.325647	
0.945673	0.325121	
0.945828	0.32467	
0.945828	0.32467	
0.946056	0.324005	
0.946056	0.324005	
0.946133	0.32378	
0.946403	0.32299	
0.946403	0.32299	
0.946403	0.32299	
0.94671	0.322089	
0.94671	0.322089	
0.94671	0.322089	
0.946981	0.321291	
0.947056	0.32107	
0.947177	0.320713	
0.947177	0.320713	
0.947355	0.320187	
0.947428	0.319971	
0.947428	0.319971	
0.947693	0.319185	
0.947693	0.319185	
0.947796	0.318879	
0.947949	0.318424	
0.948099	0.317977	
0.948099	0.317977	
0.948287	0.317416	
0.948287	0.317416	
0.948485	0.316824	
0.948485	0.316824	
0.948485	0.316824	
0.948805	0.315864	
0.948999	0.315281	
0.948999	0.315281	
0.948999	0.315281	
0.949069	0.31507	
0.949318	0.314319	
0.949318	0.314319	
0.949528	0.313684	
0.949528	0.313684	
0.949697	0.313172	
0.949815	0.312814	
0.949815	0.312814	
0.949815	0.312814	
0.950081	0.312005	
0.950187	0.311682	
0.950285	0.311383	
0.9504	0.311032	
0.950418	0.310977	
0.950555	0.310558	
0.950619	0.310362	
0.950788	0.309844	
0.950831	0.309712	
0.951074	0.308965	
0.951074	0.308965	
0.951074	0.308965	
0.951352	0.308108	
0.951352	0.308108	
0.951408	0.307935	
0.951474	0.307731	
0.951653	0.307177	
0.951783	0.306774	
0.951783	0.306774	
0.951917	0.306358	
0.951917	0.306358	
0.952141	0.305661	
0.952141	0.305661	
0.95243	0.304759	
0.95243	0.304759	
0.952446	0.304709	
0.952602	0.304221	
0.952602	0.304221	
0.952904	0.303274	
0.952904	0.303274	
0.952904	0.303274	
0.953007	0.30295	
0.953246	0.302197	
0.953246	0.302197	
0.953399	0.301714	
0.953529	0.301303	
0.953529	0.301303	
0.953625	0.300999	
0.953719	0.300701	
0.95384	0.300317	
0.953991	0.299837	
0.954068	0.299592	
0.954068	0.299592	
0.954296	0.298865	
0.954296	0.298865	
0.954413	0.298491	
0.954583	0.297947	
0.954583	0.297947	
0.954583	0.297947	
0.95476	0.297379	
0.95491	0.296897	
0.95491	0.296897	
0.955138	0.296163	
0.955138	0.296163	
0.955274	0.295724	
0.955382	0.295375	
0.955382	0.295375	
0.955599	0.294672	
0.955599	0.294672	
0.955599	0.294672	
0.955909	0.293665	
0.955909	0.293665	
0.955909	0.293665	
0.955994	0.293388	
0.956218	0.292657	
0.956218	0.292657	
0.956414	0.292016	
0.956414	0.292016	
0.956532	0.291629	
0.956779	0.290818	
0.956779	0.290818	
0.956779	0.290818	
0.956779	0.290818	
0.956985	0.290139	
0.957204	0.289416	
0.957204	0.289416	
0.95734	0.288966	
0.95734	0.288966	
0.95734	0.288966	
0.95745	0.288601	
0.957565	0.288219	
0.957789	0.287474	
0.957789	0.287474	
0.957789	0.287474	
0.957925	0.28702	
0.958162	0.286228	
0.958162	0.286228	
0.958328	0.285672	
0.958328	0.285672	
0.958468	0.285202	
0.958468	0.285202	
0.958468	0.285202	
0.958759	0.284222	
0.958759	0.284222	
0.958799	0.284087	
0.958968	0.283516	
0.959033	0.283296	
0.959095	0.283086	
0.959322	0.282316	
0.959322	0.282316	
0.959357	0.282197	
0.959466	0.281826	
0.959564	0.281492	
0.959659	0.281168	
0.959768	0.280796	
0.959823	0.280608	
0.959923	0.280266	
0.959923	0.280266	
0.960079	0.279731	
0.960079	0.279731	
0.960278	0.279047	
0.960278	0.279047	
0.960332	0.278861	
0.960523	0.278202	
0.960567	0.27805	
0.960771	0.277345	
0.960771	0.277345	
0.960799	0.277248	
0.961024	0.276467	
0.961024	0.276467	
0.961024	0.276467	
0.961195	0.275872	
0.961195	0.275872	
0.961367	0.275272	
0.961367	0.275272	
0.961367	0.275272	
0.96173	0.274001	
0.96173	0.274001	
0.96173	0.274001	
0.96173	0.274001	
0.962022	0.272974	
0.962022	0.272974	
0.962096	0.272713	
0.962207	0.272321	
0.962207	0.272321	
0.962343	0.27184	
0.962402	0.271631	
0.962503	0.271273	
0.962583	0.270989	
0.962583	0.270989	
0.96285	0.270039	
0.96285	0.270039	
0.96285	0.270039	
0.963067	0.269264	
0.963067	0.269264	
0.963208	0.268759	
0.963208	0.268759	
0.963346	0.268264	
0.963346	0.268264	
0.963346	0.268264	
0.963583	0.267411	
0.963704	0.266975	
0.96375	0.266809	
0.96375	0.266809	
0.963907	0.266241	
0.964053	0.265712	
0.964053	0.265712	
0.964156	0.265338	
0.964211	0.265138	
0.964363	0.264585	
0.964363	0.264585	
0.964363	0.264585	
0.964568	0.263836	
0.964609	0.263686	
0.964721	0.263276	
0.964772	0.263089	
0.96496	0.262399	
0.96496	0.262399	
0.96496	0.262399	
0.965213	0.261467	
0.965213	0.261467	
0.965213	0.261467	
0.965441	0.260624	
0.965441	0.260624	
0.965441	0.260624	
0.965441	0.260624	
0.965714	0.25961	
0.96581	0.259253	
0.96581	0.259253	
0.965865	0.259048	
0.965984	0.258604	
0.965984	0.258604	
0.965984	0.258604	
0.966274	0.257518	
0.966274	0.257518	
0.966274	0.257518	
0.966426	0.256947	
0.966544	0.256503	
0.966544	0.256503	
0.966729	0.255805	
0.966729	0.255805	
0.966729	0.255805	
0.96691	0.25512	
0.96691	0.25512	
0.967102	0.254391	
0.967102	0.254391	
0.967102	0.254391	
0.967268	0.253759	
0.967392	0.253286	
0.967436	0.253118	
0.967436	0.253118	
0.967471	0.252984	
0.967678	0.252191	
0.967758	0.251884	
0.967758	0.251884	
0.967758	0.251884	
0.967925	0.251241	
0.968083	0.250632	
0.968083	0.250632	
0.968083	0.250632	
0.968283	0.249858	
0.968283	0.249858	
0.968456	0.249187	
0.968456	0.249187	
0.968456	0.249187	
0.96858	0.248704	
0.96873	0.248119	
0.968792	0.247877	
0.968891	0.24749	
0.968891	0.24749	
0.968891	0.24749	
0.969111	0.246627	
0.969111	0.246627	
0.969203	0.246265	
0.969235	0.246139	
0.969424	0.245394	
0.969424	0.245394	
0.969424	0.245394	
0.969513	0.245042	
0.969568	0.244824	
0.969683	0.244368	
0.969754	0.244086	
0.969832	0.243776	
0.969937	0.243358	
0.969937	0.243358	
0.970044	0.242931	
0.970044	0.242931	
0.970302	0.241899	
0.970302	0.241899	
0.970302	0.241899	
0.970302	0.241899	
0.970456	0.24128	
0.970497	0.241115	
0.970666	0.240434	
0.970666	0.240434	
0.970805	0.239872	
0.970869	0.239613	
0.970925	0.239386	
0.970977	0.239175	
0.971071	0.238793	
0.971071	0.238793	
0.971289	0.237905	
0.971289	0.237905	
0.971289	0.237905	
0.971289	0.237905	
0.971473	0.237152	
0.971595	0.236652	
0.971595	0.236652	
0.971595	0.236652	
0.971798	0.235817	
0.97184	0.235644	
0.97184	0.235644	
0.97184	0.235644	
0.972027	0.234871	
0.972155	0.234341	
0.972155	0.234341	
0.972221	0.234067	
0.972285	0.233801	
0.972285	0.233801	
0.972443	0.233143	
0.972443	0.233143	
0.97254	0.232738	
0.972667	0.232207	
0.972667	0.232207	
0.972667	0.232207	
0.97284	0.231481	
0.97284	0.231481	
0.972963	0.230963	
0.973079	0.230474	
0.973156	0.230149	
0.973156	0.230149	
0.973246	0.229768	
0.973371	0.229238	
0.973371	0.229238	
0.973371	0.229238	
0.973506	0.228664	
0.973506	0.228664	
0.973506	0.228664	
0.973674	0.227947	
0.973847	0.227207	
0.973847	0.227207	
0.973847	0.227207	
0.974044	0.226361	
0.974044	0.226361	
0.974133	0.225978	
0.974133	0.225978	
0.974184	0.225758	
0.974184	0.225758	
0.974428	0.224702	
0.974506	0.224364	
0.974506	0.224364	
0.974506	0.224364	
0.974583	0.224029	
0.974583	0.224029	
0.974711	0.223471	
0.974891	0.222685	
0.974891	0.222685	
0.974891	0.222685	
0.974985	0.222273	
0.975115	0.221702	
0.975115	0.221702	
0.975165	0.221482	
0.975165	0.221482	
0.975299	0.220891	
0.97543	0.220312	
0.97543	0.220312	
0.975548	0.219789	
0.975548	0.219789	
0.975548	0.219789	
0.975742	0.218926	
0.975742	0.218926	
0.975742	0.218926	
0.975948	0.218006	
0.975948	0.218006	
0.975948	0.218006	
0.976018	0.217692	
0.976177	0.216978	
0.976177	0.216978	
0.976253	0.216636	
0.976355	0.216176	
0.976355	0.216176	
0.976378	0.216072	
0.976514	0.215456	
0.976572	0.215193	
0.976668	0.214757	
0.976668	0.214757	
0.976668	0.214757	
0.976869	0.213841	
0.976869	0.213841	
0.976918	0.213617	
0.976918	0.213617	
0.9771	0.212783	
0.9771	0.212783	
0.9771	0.212783	
0.977296	0.211881	
0.977296	0.211881	
0.977327	0.211738	
0.977446	0.211188	
0.977446	0.211188	
0.977446	0.211188	
0.977668	0.210158	
0.977668	0.210158	
0.977668	0.210158	
0.977747	0.20979	
0.977747	0.20979	
0.977886	0.209141	
0.977886	0.209141	
0.978073	0.208265	
0.978073	0.208265	
0.978073	0.208265	
0.978073	0.208265	
0.978261	0.20738	
0.978261	0.20738	
0.978418	0.206638	
0.978418	0.206638	
0.978418	0.206638	
0.97859	0.205822	
0.97859	0.205822	
0.97859	0.205822	
0.978649	0.205541	
0.978753	0.205045	
0.978819	0.20473	
0.978851	0.204577	
0.978898	0.204352	
0.978898	0.204352	
0.979053	0.203608	
0.979053	0.203608	
0.979145	0.203165	
0.979145	0.203165	
0.979312	0.202359	
0.979312	0.202359	
0.979312	0.202359	
0.97942	0.201835	
0.979511	0.201393	
0.979593	0.200994	
0.979593	0.200994	
0.979657	0.200682	
0.979773	0.200115	
0.979773	0.200115	
0.979854	0.199718	
0.979854	0.199718	
0.979854	0.199718	
0.979951	0.199241	
0.980102	0.198497	
0.980132	0.198349	
0.980132	0.198349	
0.980191	0.198057	
0.980354	0.197249	
0.980354	0.197249	
0.980354	0.197249	
0.980354	0.197249	
0.98046	0.196721	
0.980618	0.195932	
0.980618	0.195932	
0.980618	0.195932	
0.980698	0.195531	
0.980757	0.195235	
0.98083	0.194868	
0.98083	0.194868	
0.980925	0.194389	
0.980983	0.194096	
0.980983	0.194096	
0.981165	0.193174	
0.981165	0.193174	
0.981165	0.193174	
0.981213	0.19293	
0.981291	0.192533	
0.981427	0.191839	
0.981427	0.191839	
0.981427	0.191839	
0.981427	0.191839	
0.98162	0.190849	
0.98162	0.190849	
0.98162	0.190849	
0.981724	0.190313	
0.981724	0.190313	
0.98182	0.189817	
0.981887	0.18947	
0.981887	0.18947	
0.982007	0.188847	
0.982027	0.188743	
0.982124	0.188238	
0.982124	0.188238	
0.982124	0.188238	
0.982226	0.187705	
0.982226	0.187705	
0.982341	0.187102	
0.982341	0.187102	
0.982465	0.18645	
0.982465	0.18645	
0.982591	0.185785	
0.982591	0.185785	
0.982591	0.185785	
0.982723	0.185085	
0.982723	0.185085	
0.982745	0.184968	
0.982804	0.184654	
0.982906	0.18411	
0.983003	0.183592	
0.983003	0.183592	
0.983003	0.183592	
0.983118	0.182975	
0.983164	0.182728	
0.983206	0.182502	
0.983206	0.182502	
0.983329	0.181838	
0.983329	0.181838	
0.983423	0.181329	
0.983423	0.181329	
0.983479	0.181025	
0.983552	0.180628	
0.983552	0.180628	
0.983643	0.180132	
0.983643	0.180132	
0.983743	0.179585	
0.983743	0.179585	
0.983853	0.178981	
0.983899	0.178728	
0.983899	0.178728	
0.983944	0.17848	
0.984074	0.177762	
0.984108	0.177574	
0.984108	0.177574	
0.984108	0.177574	
0.984218	0.176963	
0.984218	0.176963	
0.984353	0.176211	
0.984353	0.176211	
0.984353	0.176211	
0.984486	0.175466	
0.984486	0.175466	
0.984528	0.17523	
0.984652	0.174532	
0.984652	0.174532	
0.984652	0.174532	
0.984724	0.174125	
0.984806	0.173661	
0.984806	0.173661	
0.984919	0.173019	
0.984919	0.173019	
0.984919	0.173019	
0.985034	0.172363	
0.985079	0.172106	
0.985079	0.172106	
0.985208	0.171366	
0.985208	0.171366	
0.985208	0.171366	
0.985249	0.17113	
0.985356	0.170513	
0.985356	0.170513	
0.985356	0.170513	
0.985489	0.169742	
0.985489	0.169742	
0.985569	0.169277	
0.985569	0.169277	
0.985658	0.168758	
0.985709	0.16846	
0.985764	0.168138	
0.985764	0.168138	
0.985764	0.168138	
0.985907	0.167297	
0.985963	0.166967	
0.985963	0.166967	
0.986006	0.166713	
0.986056	0.166417	
0.986056	0.166417	
0.986133	0.16596	
0.986133	0.16596	
0.986267	0.165162	
0.986267	0.165162	
0.986314	0.164881	
0.986314	0.164881	
0.986471	0.163939	
0.986471	0.163939	
0.986471	0.163939	
0.986555	0.163433	
0.986555	0.163433	
0.98664	0.162919	
0.98664	0.162919	
0.98664	0.162919	
0.986786	0.162032	
0.986786	0.162032	
0.986846	0.161666	
0.986846	0.161666	
0.986936	0.161116	
0.986983	0.160828	
0.986983	0.160828	
0.986983	0.160828	
0.987119	0.159991	
0.987119	0.159991	
0.987171	0.15967	
0.987171	0.15967	
0.987252	0.159168	
0.987309	0.158814	
0.987354	0.158534	
0.987354	0.158534	
0.987409	0.158191	
0.987493	0.157666	
0.987493	0.157666	
0.987552	0.157296	
0.987552	0.157296	
0.987714	0.156276	
0.987714	0.156276	
0.987714	0.156276	
0.987714	0.156276	
0.987794	0.155769	
0.987794	0.155769	
0.987858	0.155362	
0.987927	0.154923	
0.987927	0.154923	
0.987986	0.154546	
0.988039	0.154207	
0.988103	0.153797	
0.988103	0.153797	
0.988103	0.153797	
0.988178	0.153314	
0.988268	0.152733	
0.988268	0.152733	
0.988297	0.152545	
0.988365	0.152104	
0.988407	0.151831	
0.988407	0.151831	
0.988462	0.151472	
0.988505	0.151191	
0.988593	0.150615	
0.988593	0.150615	
0.988593	0.150615	
0.988633	0.150352	
0.988746	0.149607	
0.988746	0.149607	
0.988746	0.149607	
0.988861	0.148845	
0.988891	0.148646	
0.988891	0.148646	
0.988906	0.148546	
0.989035	0.147685	
0.989035	0.147685	
0.989035	0.147685	
0.989079	0.14739	
0.989079	0.14739	
0.989145	0.146946	
0.989199	0.146582	
0.989282	0.146021	
0.989282	0.146021	
0.989342	0.145614	
0.989342	0.145614	
0.989426	0.145042	
0.989426	0.145042	
0.989472	0.144728	
0.989472	0.144728	
0.989561	0.144118	
0.989598	0.143864	
0.989598	0.143864	
0.989675	0.143333	
0.989708	0.143105	
0.989708	0.143105	
0.989737	0.142904	
0.989831	0.142252	
0.989831	0.142252	
0.989831	0.142252	
0.989918	0.141645	
0.989918	0.141645	
0.990007	0.141022	
0.990007	0.141022	
0.990035	0.140825	
0.990056	0.140677	
0.990192	0.139717	
0.990192	0.139717	
0.990192	0.139717	
0.990253	0.139284	
0.990253	0.139284	
0.990347	0.138614	
0.990347	0.138614	
0.990347	0.138614	
0.990435	0.137984	
0.990435	0.137984	
0.990467	0.137754	
0.990555	0.13712	
0.990555	0.13712	
0.990568	0.137026	
0.990589	0.136874	
0.990648	0.136446	
0.990714	0.135966	
0.990714	0.135966	
0.990714	0.135966	
0.990802	0.135323	
0.99083	0.135118	
0.990863	0.134876	
0.990863	0.134876	
0.990904	0.134574	
0.99096	0.134161	
0.991016	0.133747	
0.991043	0.133547	
0.991043	0.133547	
0.991089	0.133205	
0.991166	0.132631	
0.991166	0.132631	
0.991166	0.132631	
0.991269	0.131859	
0.991269	0.131859	
0.991296	0.131656	
0.991296	0.131656	
0.991347	0.131271	
0.991424	0.130688	
0.991453	0.130468	
0.991453	0.130468	
0.991487	0.130209	
0.991565	0.129614	
0.991565	0.129614	
0.991605	0.129308	
0.991605	0.129308	
0.991679	0.128739	
0.991679	0.128739	
0.991724	0.128392	
0.991724	0.128392	
0.991831	0.127563	
0.991831	0.127563	
0.991872	0.127244	
0.991872	0.127244	
0.991872	0.127244	
0.99198	0.126399	
0.99198	0.126399	
0.991987	0.126344	
0.992063	0.125746	
0.992063	0.125746	
0.992113	0.125351	
0.992113	0.125351	
0.992128	0.125232	
0.992228	0.124437	
0.992228	0.124437	
0.992228	0.124437	
0.992301	0.123853	
0.992301	0.123853	
0.992384	0.123187	
0.992384	0.123187	
0.992384	0.123187	
0.992487	0.122354	
0.992487	0.122354	
0.992528	0.122021	
0.992528	0.122021	
0.992588	0.121532	
0.992588	0.121532	
0.992633	0.121164	
0.992633	0.121164	
0.992681	0.12077	
0.992681	0.12077	
0.992782	0.119937	
0.992782	0.119937	
0.9928	0.119788	
0.992855	0.119331	
0.992855	0.119331	
0.992855	0.119331	
0.992957	0.118479	
0.992965	0.118412	
0.992965	0.118412	
0.993037	0.117807	
0.993037	0.117807	
0.993082	0.117427	
0.993095	0.117317	
0.993095	0.117317	
0.993192	0.116493	
0.993192	0.116493	
0.993192	0.116493	
0.993251	0.115989	
0.993274	0.115792	
0.993301	0.11556	
0.993339	0.115233	
0.993339	0.115233	
0.993397	0.114732	
0.993397	0.114732	
0.993429	0.114454	
0.993498	0.113854	
0.993498	0.113854	
0.993498	0.113854	
0.99358	0.113136	
0.99358	0.113136	
0.993634	0.112661	
0.993634	0.112661	
0.993634	0.112661	
0.993698	0.112095	
0.99372	0.1119	
0.993747	0.11166	
0.993747	0.11166	
0.993791	0.111267	
0.993851	0.11073	
0.993851	0.11073	
0.993851	0.11073	
0.993911	0.11019	
0.993911	0.11019	
0.993981	0.109557	
0.993981	0.109557	
0.993981	0.109557	
0.994056	0.108874	
0.994108	0.108399	
0.994108	0.108399	
0.994108	0.108399	
0.994108	0.108399	
0.994184	0.107699	
0.994197	0.107579	
0.994243	0.107153	
0.994268	0.106921	
0.994268	0.106921	
0.994268	0.106921	
0.99435	0.106156	
0.99435	0.106156	
0.994402	0.105668	
0.994402	0.105668	
0.994402	0.105668	
0.994486	0.104874	
0.994501	0.104732	
0.994501	0.104732	
0.994501	0.104732	
0.994581	0.103969	
0.994581	0.103969	
0.994602	0.103768	
0.994602	0.103768	
0.994628	0.103518	
0.994672	0.103094	
0.994751	0.10233	
0.994751	0.10233	
0.994751	0.10233	
0.994786	0.101989	
0.994833	0.10153	
0.994833	0.10153	
0.994833	0.10153	
0.994881	0.101058	
0.99493	0.100575	
0.99493	0.100575	
0.99493	0.100575	
0.994967	0.100208	
0.994997	0.0999097	
0.994997	0.0999097	
0.995049	0.0993903	
0.995049	0.0993903	
0.995094	0.0989387	
0.995121	0.0986667	
0.995155	0.0983236	
0.995155	0.0983236	
0.995202	0.0978466	
0.995202	0.0978466	
0.995247	0.0973878	
0.995275	0.0971013	
0.995275	0.0971013	
0.995275	0.0971013	
0.99534	0.0964321	
0.995359	0.0962362	
0.995375	0.0960707	
0.995375	0.0960707	
0.995409	0.0957173	
0.995479	0.094987	
0.995479	0.094987	
0.995498	0.0947877	
0.995498	0.0947877	
0.995526	0.0944931	
0.995567	0.0940601	
0.995567	0.0940601	
0.995608	0.0936251	
0.995608	0.0936251	
0.995661	0.0930595	
0.995661	0.0930595	
0.995696	0.0926846	
0.995696	0.0926846	
0.995741	0.0921999	
0.995747	0.0921351	
0.995774	0.0918423	
0.995819	0.0913531	
0.995819	0.0913531	
0.995819	0.0913531	
0.995888	0.0905982	
0.995888	0.0905982	
0.9959	0.0904662	
0.995921	0.0902348	
0.995951	0.0899033	
0.995966	0.0897369	
0.995966	0.0897369	
0.996041	0.0889006	
0.996041	0.0889006	
0.996041	0.0889006	
0.996072	0.0885523	
0.996094	0.0883042	
0.996099	0.0882477	
0.996155	0.0876139	
0.996155	0.0876139	
0.996155	0.0876139	
0.996218	0.0868944	
0.996218	0.0868944	
0.996218	0.0868944	
0.996263	0.0863769	
0.996263	0.0863769	
0.996299	0.0859605	
0.996333	0.085566	
0.996333	0.085566	
0.99638	0.0850169	
0.99638	0.0850169	
0.996414	0.0846174	
0.996414	0.0846174	
0.996442	0.0842871	
0.996472	0.0839316	
0.996472	0.0839316	
0.996491	0.0837057	
0.996516	0.0834077	
0.996547	0.0830364	
0.996547	0.0830364	
0.99658	0.0826391	
0.996601	0.0823855	
0.996619	0.0821676	
0.996619	0.0821676	
0.996643	0.0818755	
0.996678	0.0814486	
0.996692	0.0812772	
0.996715	0.0809951	
0.996715	0.0809951	
0.996745	0.0806251	
0.996762	0.0804144	
0.996762	0.0804144	
0.996813	0.0797797	
0.996813	0.0797797	
0.996857	0.079228	
0.996863	0.0791526	
0.996863	0.0791526	
0.996877	0.0789759	
0.996908	0.0785833	
0.996952	0.0780231	
0.996963	0.0778827	
0.996963	0.0778827	
0.996963	0.0778827	
0.997005	0.0773429	
0.997039	0.076904	
0.997039	0.076904	
0.997039	0.076904	
0.997082	0.0763441	
0.997082	0.0763441	
0.997082	0.0763441	
0.997151	0.0754376	
0.997156	0.0753716	
0.997156	0.0753716	
0.997194	0.0748673	
0.997194	0.0748673	
0.997215	0.0745867	
0.997215	0.0745867	
0.997255	0.0740498	
0.997255	0.0740498	
0.997255	0.0740498	
0.997312	0.0732782	
0.997312	0.0732782	
0.997312	0.0732782	
0.997356	0.072677	
0.997356	0.072677	
0.9974	0.0720707	
0.9974	0.0720707	
0.9974	0.0720707	
0.99744	0.0715149	
0.99744	0.0715149	
0.99744	0.0715149	
0.99748	0.0709543	
0.997502	0.0706445	
0.997524	0.0703333	
0.997524	0.0703333	
0.997524	0.0703333	
0.997584	0.0694771	
0.997593	0.0693483	
0.997593	0.0693483	
0.997595	0.0693195	
0.997623	0.0689153	
0.997648	0.0685526	
0.997648	0.0685526	
0.997662	0.0683483	
0.997675	0.0681577	
0.997698	0.0678202	
0.997724	0.0674371	
0.997724	0.0674371	
0.997742	0.0671702	
0.997743	0.0671553	
0.997793	0.0664086	
0.997793	0.0664086	
0.997804	0.066243	
0.997804	0.066243	
0.997843	0.0656528	
0.997843	0.0656528	
0.997873	0.0651955	
0.997873	0.0651955	
0.997901	0.064765	
0.997917	0.0645186	
0.997917	0.0645186	
0.997917	0.0645186	
0.997951	0.0639897	
0.997979	0.0635521	
0.997979	0.0635521	
0.997991	0.063363	
0.998023	0.0628574	
0.998023	0.0628574	
0.99804	0.0625872	
0.99804	0.0625872	
0.998064	0.0622029	
0.998088	0.0618161	
0.998088	0.0618161	
0.998116	0.0613621	
0.998128	0.0611671	
0.998128	0.0611671	
0.998145	0.060889	
0.998162	0.0606094	
0.998183	0.0602631	
0.998183	0.0602631	
0.998212	0.0597809	
0.998212	0.0597809	
0.998235	0.0593956	
0.998235	0.0593956	
0.998238	0.059345	
0.998288	0.058498	
0.998288	0.058498	
0.998288	0.058498	
0.998317	0.0580012	
0.998317	0.0580012	
0.998341	0.0575862	
0.998352	0.0573952	
0.998369	0.0570993	
0.998369	0.0570993	
0.998401	0.0565367	
0.998401	0.0565367	
0.998417	0.0562534	
0.998428	0.0560581	
0.998431	0.0560046	
0.99846	0.0554851	
0.99846	0.0554851	
0.998478	0.0551605	
0.998478	0.0551605	
0.998492	0.0549062	
0.998516	0.0544674	
0.998516	0.0544674	
0.998544	0.0539523	
0.998544	0.0539523	
0.99855	0.0538408	
0.998582	0.0532438	
0.998582	0.0532438	
0.998606	0.0527922	
0.998606	0.0527922	
0.998606	0.0527922	
0.998629	0.0523548	
0.998643	0.0520869	
0.998653	0.0518948	
0.998653	0.0518948	
0.998686	0.0512567	
0.998686	0.0512567	
0.9987	0.050983	
0.9987	0.050983	
0.998707	0.050845	
0.998747	0.0500542	
0.998747	0.0500542	
0.998748	0.0500342	
0.998748	0.0500342	
0.998783	0.0493302	
0.998783	0.0493302	
0.998783	0.0493302	
0.998827	0.0484312	
0.998827	0.0484312	
0.998827	0.0484312	
0.998827	0.0484312	
0.99887	0.0475363	
0.99887	0.0475363	
0.99887	0.0475363	
0.99888	0.0473259	
0.99888	0.0473259	
0.998909	0.0467093	
0.998917	0.0465383	
0.998917	0.0465383	
0.998944	0.0459548	
0.998944	0.0459548	
0.998951	0.0458022	
0.998966	0.0454741	
0.99897	0.0453862	
0.998982	0.045121	
0.998991	0.0449211	
0.999002	0.0446754	
0.999014	0.0444067	
0.999014	0.0444067	
0.999035	0.0439316	
0.999048	0.0436358	
0.999048	0.0436358	
0.999048	0.0436358	
0.999074	0.0430359	
0.999074	0.0430359	
0.99909	0.0426626	
0.999107	0.0422634	
0.999107	0.0422634	
0.999107	0.0422634	
0.999139	0.0414999	
0.999139	0.0414999	
0.999139	0.0414999	
0.999155	0.0411128	
0.999159	0.0410153	
0.999176	0.0405991	
0.999176	0.0405991	
0.999176	0.0405991	
0.999209	0.0397788	
0.999209	0.0397788	
0.999209	0.0397788	
0.999228	0.0392984	
0.999228	0.0392984	
0.999242	0.038941	
0.999242	0.038941	
0.999263	0.0383986	
0.999263	0.0383986	
0.999263	0.0383986	
0.999279	0.0379799	
0.999279	0.0379799	
0.99929	0.0376885	
0.999293	0.0376086	
0.999323	0.0368038	
0.999323	0.0368038	
0.999323	0.0368038	
0.999342	0.0362843	
0.999342	0.0362843	
0.999357	0.0358686	
0.999357	0.0358686	
0.999357	0.0358686	
0.999381	0.035194	
0.999381	0.035194	
0.999381	0.035194	
0.999389	0.034965	
0.99941	0.0343596	
0.999415	0.0342144	
0.999415	0.0342144	
0.999429	0.0338033	
0.999429	0.0338033	
0.999444	0.0333568	
0.999447	0.0332669	
0.999447	0.0332669	
0.999472	0.032507	
0.999472	0.032507	
0.999472	0.032507	
0.999483	0.0321666	
0.999486	0.0320729	
0.999486	0.0320729	
0.999504	0.0315052	
0.999515	0.0311567	
0.999515	0.0311567	
0.999522	0.0309313	
0.999522	0.0309313	
0.999543	0.030245	
0.999543	0.030245	
0.999548	0.0300798	
0.999558	0.0297456	
0.999558	0.0297456	
0.999558	0.0297456	
0.999574	0.0292013	
0.999585	0.0288229	
0.999585	0.0288229	
0.999593	0.0285449	
0.999593	0.0285449	
0.999611	0.027907	
0.999611	0.027907	
0.999611	0.027907	
0.999625	0.0274005	
0.999625	0.0274005	
0.999625	0.0274005	
0.999644	0.026699	
0.999644	0.026699	
0.999644	0.026699	
0.999658	0.0261691	
0.999658	0.0261691	
0.999669	0.0257461	
0.999669	0.0257461	
0.99967	0.025707	
0.999687	0.0250371	
0.999687	0.0250371	
0.999687	0.0250371	
0.999705	0.024308	
0.999705	0.024308	
0.999708	0.0241849	
0.999712	0.0240188	
0.999718	0.023767	
0.999726	0.0234284	
0.999729	0.0233004	
0.999729	0.0233004	
0.999738	0.0229102	
0.999742	0.0227348	
0.999747	0.022514	
0.999747	0.022514	
0.999762	0.0218379	
0.999762	0.0218379	
0.999771	0.0214228	
0.999771	0.0214228	
0.999771	0.0214228	
0.999784	0.0208074	
0.999784	0.0208074	
0.999784	0.0208074	
0.999791	0.0204677	
0.999799	0.0200736	
0.999799	0.0200736	
0.999799	0.0200736	
0.999811	0.019466	
0.999815	0.01926	
0.999815	0.01926	
0.999822	0.0188919	
0.999826	0.0186793	
0.999826	0.0186793	
0.999833	0.0183005	
0.99984	0.0179157	
0.99984	0.0179157	
0.999842	0.0178037	
0.999842	0.0178037	
0.999853	0.0171743	
0.999853	0.0171743	
0.999859	0.0168219	
0.999859	0.0168219	
0.999859	0.0168219	
0.999868	0.0162738	
0.999875	0.0158396	
0.999878	0.0156511	
0.999878	0.0156511	
0.999883	0.0153283	
0.999885	0.0151982	
0.999885	0.0151982	
0.999894	0.0145925	
0.999894	0.0145925	
0.999894	0.0145925	
0.999901	0.0141064	
0.999901	0.0141064	
0.999904	0.0138903	
0.999908	0.0135975	
0.999911	0.0133743	
0.999916	0.0129979	
0.999916	0.0129979	
0.999916	0.0129979	
0.999922	0.0125253	
0.999925	0.0122838	
0.999925	0.0122838	
0.999928	0.0120359	
0.999931	0.0117847	
0.999934	0.0115283	
0.999938	0.0111762	
0.999941	0.0109083	
0.999941	0.0109083	
0.999943	0.0107222	
0.999947	0.0103433	
0.999947	0.0103433	
0.999949	0.0101479	
0.999952	0.00984815	
0.999952	0.00984815	
0.999958	0.0092173	
0.999959	0.0091099	
0.999959	0.0091099	
0.999962	0.00877449	
0.999962	0.00877449	
0.999965	0.00842251	
0.999965	0.00842251	
0.999967	0.00817957	
0.99997	0.00779987	
0.999973	0.00741327	
0.999974	0.00727936	
0.999974	0.00727936	
0.999976	0.00699918	
0.999976	0.00699918	
0.999976	0.00699918	
0.99998	0.00639447	
0.999981	0.00623543	
0.999984	0.00574346	
0.999984	0.00574346	
0.999984	0.00574346	
0.999986	0.00538503	
0.999986	0.00538503	
0.999987	0.00519169	
0.999989	0.00479181	
0.999989	0.00479181	
0.99999	0.00456572	
0.999992	0.00411086	
0.999992	0.00411086	
0.999994	0.00359997	
0.999994	0.00359997	
0.999994	0.00359997	
0.999995	0.00330036	
0.999996	0.00297054	
0.999997	0.00263158	
0.999997	0.00263158	
0.999998	0.00222911	
0.999998	0.00222911	
0.999998	0.00222911	
0.999999	0.00171181	
0.999999	0.00171181	
0.999999	0.00171181	
1	0.000980526	
1	0.000980526	
1	0.000980526	
1	0.000980526	
1	0.000980526	
1	0.000980526	
1	0.000194064	
